0.0
0.018849903569779607
0.03768789178479437
0.056513904855753416
0.07532788345327146
0.09412976870545198
0.11291950219546532
0.13169702595912258
0.15046228248244517
0.16921521469923
0.18795576598861166
0.20668388017262018
0.22539950151373597
0.24410257471244165
0.2627930449047707
0.2814708576598541
0.30013595897746337
0.31878829528555286
0.33742781343779893
0.3560544607111378
0.37466818480330194
0.39326893383035455
0.4118566563242239
0.4304313012302354
0.4489928179046439
0.46754115611216546
0.4860762660235075
0.5045980982129009
0.5231066036556302
0.5416017337255651
0.5600834401926914
0.5785516752206444
0.5970063913642408
0.6154475415670126
0.6338750791587433
0.6522889578530027
0.6706891317446856
0.6890755553075509
0.7074481833917636
0.725806971221437
0.7441518743921788
0.7624828488686384
0.7807998509820575
0.7991028374278232
0.817391765263022
0.8356665919040005
0.8539272751239253
0.8721737730503483
0.8904060441627757
0.908624047290238
0.9268277416088679
0.9450170866394768
0.9631920422451391
0.9813525686287798
0.9994986263307655
1.0176301762264994
1.0357471795240227
1.0538495977616187
1.0719371464482428
1.0900097335510972
1.1080676092424409
1.126110736304806
1.1441390778401401
1.162152597267434
1.180151258320355
1.198135025044885
1.2161038617969622
1.2340577332401332
1.2519966043432063
1.2699204403779145
1.2878292069165806
1.3057228698297925
1.3236013952840802
1.341464749739604
1.359312899947846
1.3771458129493082
1.394963456071217
1.4127657969252367
1.4305528034051886
1.4483244436847738
1.4660806862153082
1.4838214997234607
1.5015468532089993
1.519256026633034
1.5369495428891655
1.5546274935908333
1.5722898487799932
1.5899365787614343
1.6075676541005568
1.6251830456211651
1.6427827244032647
1.6603666617808661
1.6779348293397995
1.6954871989155358
1.7130237425910129
1.730544432694474
1.7480492417973144
1.7655381427119305
1.7830111084895823
1.8004681124182627
1.8179091280205737
1.8353341290516128
1.8527424703895243
1.8701343212825454
1.887510065512662
1.9048696777322691
1.9222131328165544
1.9395404058614234
1.956851472181439
1.9741463073077634
1.9914248869861144
2.008687187174725
2.0259331840423154
2.0431628539660744
2.0603761735296433
2.077573119521117
2.094753668931048
2.1119177989504623
2.1290653612995154
2.1461953571025543
2.163308851246827
2.1804058217055196
2.197486246643121
2.2145501044134854
2.2315973735578987
2.24862803280316
2.2656420610596686
2.282639437419521
2.2996201411546133
2.316584151714759
2.333531448725812
2.3504620119877973
2.3673758214730563
2.3842723723968655
2.401151211664641
2.4180132229426525
2.4348583868833775
2.451686684302971
2.468498096179454
2.4852926036509118
2.5020701880137004
2.5188308307206646
2.535574513379364
2.5523012177503066
2.569010925745196
2.5857036194251792
2.602379280999117
2.6190366211990046
2.6356765989852793
2.65229947701674
2.668905238092564
2.685493865151509
2.702065341270221
2.718619649661552
2.73515677367289
2.7516766967844974
2.768179402607856
2.7846648748840246
2.801133097482003
2.8175837012045113
2.8340156750079197
2.8504303364088694
2.8668276697941013
2.8832076596706004
2.899570290664001
2.9159155475170175
2.9322434150878673
2.948553878348711
2.9648469223841047
2.981122532389455
2.997380693669479
3.0136208102753264
3.029842193590241
3.046046069783277
3.0622324246080197
3.0784012439200983
3.0945525136757035
3.1106862199300993
3.126802348836163
3.1429008866429164
3.1589818196940787
3.1750451344266164
3.1910908001045946
3.2071168808220003
3.223125288286562
3.239116009324355
3.2550890308478175
3.2710443398543534
3.2869819234249436
3.3029017687227573
3.318803862991791
3.3346881935554893
3.350554747815401
3.3664031414443367
3.3822320289958756
3.3980430883193296
3.4138363071485878
3.4296116732891244
3.445369174616687
3.4611087990759914
3.476830534679424
3.492534369505758
3.508220291698868
3.523888289466458
3.5395367037215233
3.5551666225233074
3.570778567554002
3.5863725272998104
3.601948490304615
3.617506445168747
3.6330463805477695
3.648568285151256
3.66407214774158
3.679557957132727
3.6950241597861493
3.7104715318143118
3.725900803284266
3.7413119632421186
3.756705000779746
3.7720799050336375
3.787436665183737
3.802775270452308
3.818095710102788
3.8333979734386605
3.8486799208573004
3.863943400906
3.8791886589458353
3.8944156844682705
3.90962446699928
3.924814996098263
3.9399872613569595
3.955141252398361
3.9702769588756546
3.985393456200989
4.00049007817342
4.015568371123797
4.030628324855489
4.045669929196779
4.060693173999834
4.0756980491396675
4.090684544513132
4.105652650037891
4.120602166181679
4.135530893155362
4.150441186821829
4.165333037212778
4.180206434375697
4.195061368372887
4.209897829280486
4.224715807187499
4.239515292194844
4.254296274414389
4.269056146826714
4.283797429557435
4.298520166882429
4.31322434898918
4.327909966071368
4.342577008327935
4.357225465962174
4.371855329180815
4.386466415207295
4.401056328283526
4.415627604811626
4.430180235044706
4.444714209234745
4.459229517631718
4.473726150482709
4.488204098031057
4.502663350515478
4.517103039831662
4.531522062234218
4.545922347784788
4.560303886736829
4.574666669334817
4.5890106858134185
4.6033359263966664
4.617642381297125
4.631930040715076
4.64619690689302
4.660444058669447
4.674672373318754
4.688881841025668
4.7030724519584695
4.717244196268206
4.731397064087906
4.7455310455317825
4.759645534062811
4.773738763360694
4.787813064610295
4.801868427884478
4.815904843233309
4.82992230068329
4.843920790236609
4.857900301870398
4.871860825535979
4.885799856631259
4.899719352159223
4.913619817832404
4.9275012435328245
4.941363619112877
4.95520693439461
4.9690311791690025
4.9828363431952525
4.9966207081540865
5.010384599335637
5.024129367549868
5.037855002462838
5.05156149370515
5.065248830871255
5.078917003518772
5.092566001167799
5.1061946391317745
5.119802118070432
5.133390379323255
5.146959412294199
5.160509206346153
5.174039750800279
5.187551034935353
5.201043047987105
5.214514899725287
5.227965146387288
5.2413960786793705
5.254807685698903
5.268199956496795
5.281572880076853
5.294926445395152
5.308260641359393
5.321574647241636
5.3348668266879855
5.348139592767559
5.361392934228228
5.374626839766193
5.387841298025367
5.401036297596768
5.414211827017907
5.427366925040829
5.440500184751349
5.453613929449919
5.466708147493432
5.479782827182082
5.492837956758769
5.505873524408507
5.5188895182578275
5.531884642123087
5.544858109407105
5.557811957060981
5.570746173010505
5.583660745119895
5.596555661191224
5.609430908963846
5.622286476113825
5.635120553358451
5.6479333328467485
5.660726384799153
5.6734996966714535
5.686253255853145
5.698987049666875
5.711701065367884
5.724395290143445
5.737067240321863
5.749718411534846
5.762349743713493
5.7749612238058425
5.787552838689048
5.800124575168846
5.812676419979002
5.8252083597807784
5.8377170926983
5.850205707685416
5.862674368250687
5.87512306079769
5.88755177165466
5.899960487073952
5.912349193231508
5.924717149288843
5.937062290223846
5.949387371269588
5.961692378328627
5.9739772972243355
5.9862421137003805
5.998486813420204
6.0107113819665035
6.022914064436851
6.035094785130319
6.047255322522332
6.059395661904638
6.071515788485527
6.083615687389323
6.095695343655874
6.1077547422400436
6.119791023796168
6.131806285062762
6.143801234917841
6.1557758580081705
6.167730138892882
6.17966406204296
6.191577611840749
6.20347035463021
6.215339509809251
6.227188236440993
6.239016518585039
6.250824340209742
6.262611685191704
6.274378537315293
6.286124880272137
6.297849084712492
6.309550729547847
6.3212318082384416
6.332892304136731
6.344532200499877
6.356151480489252
6.3677501271699555
6.379328123510328
6.390882612325216
6.402415598837047
6.413927876153633
6.425419426888048
6.436890233554078
6.448340278565752
6.459769544236846
6.471177610156234
6.4825615884023495
6.49392472675267
6.505267007151922
6.516588411442102
6.527888921362003
6.539168518546717
6.55042718452717
6.561663293574181
6.57287634392598
6.584068400471617
6.595239444357451
6.606389456623221
6.617518418201574
6.628626309917585
6.63971311248828
6.650776025805276
6.6618168750722155
6.672836570457335
6.683835092277855
6.694812420740533
6.705768535941186
6.716703417864219
6.727616873448657
6.738505501030686
6.749372828678986
6.760218835965097
6.771043502346757
6.781846807167426
6.792628729655828
6.803389248925457
6.814127143225176
6.824841051708304
6.835533488022799
6.846204430854552
6.856853858771868
6.867481750225004
6.8780880835456975
6.8886728369466885
6.899233859087215
6.909771634613662
6.920287758894306
6.930782209699782
6.941254964679394
6.951706001360652
6.962135297148793
6.972542829326315
6.982925640987645
6.993285817173355
7.003624155965449
7.013940634190067
7.024235228548297
7.034507915615712
7.04475867184189
7.054987473549964
7.065190707891951
7.075371764086426
7.085530789444066
7.09566775981763
7.10578265093113
7.115875438379369
7.125946097627474
7.135994298294371
7.146016864652991
7.156017224232234
7.165995352014879
7.175951222851767
7.1858848114613325
7.195796092429138
7.205685040207396
7.215551046034081
7.225391489173731
7.235209517866661
7.245005106069208
7.254778227602135
7.264528856150166
7.274256965261512
7.283962528347408
7.293644885579687
7.303301519862718
7.312935524111805
7.322546871229043
7.332135533977331
7.34170148497994
7.351244696720021
7.360765141540154
7.370262364281965
7.3797334433905135
7.389181668747947
7.398607012174702
7.408009445348471
7.4173889398037325
7.426745466931291
7.436078997977821
7.44538950404538
7.454673282758946
7.463933912320093
7.473171426788975
7.482385796731162
7.491576992565479
7.500744984563569
7.50988974284941
7.519011237398873
7.528106585698743
7.537177738575237
7.546225534634316
7.555249943303014
7.564250933858164
7.573228475425933
7.582182536981367
7.591113087347928
7.600018413415075
7.608898143250356
7.61775426578372
7.626586749277831
7.635395561841744
7.644180671430428
7.652942045844334
7.661679652728927
7.670393329704388
7.679079623235144
7.687742050029849
7.696380577161598
7.704995171546528
7.713585799943356
7.722152428952929
7.730695025017802
7.739213554421773
7.747706166137667
7.756172806501117
7.764615277419608
7.773033544591946
7.781427573556264
7.789797329689583
7.7981427782073816
7.806463884163148
7.814760612447959
7.82302993371785
7.831274178588391
7.83949393935492
7.847689180311505
7.855859865587947
7.864005959149356
7.872127424795725
7.880224226161516
7.888296300125872
7.896340077870466
7.904359081626561
7.912353274421605
7.920322619115753
7.92826707840144
7.9361866148029705
7.944081190676115
7.951950768207691
7.959795232254592
7.96761115580039
7.975401967526366
7.983167629001689
7.9909081016249
7.998623346623548
8.006313325053767
8.013977997799913
8.021617325574136
8.029231268916025
8.0368168205363
8.04437638215549
8.051910441582312
8.059418958727733
8.066901893328609
8.074359204947315
8.081790852971372
8.089196796613079
8.096576994909148
8.10392980623532
8.111254950790292
8.118554228356608
8.125827597333616
8.13307501594368
8.14029644223183
8.147491834065406
8.154661149133728
8.161804344947745
8.168921378839705
8.176009364984282
8.183070570258973
8.190105487576828
8.197114073624167
8.204096284907388
8.211052077752644
8.21798140830551
8.22488423253071
8.231760506211776
8.238610184950756
8.245430101591312
8.25222315163148
8.258989476259888
8.265729030425625
8.27244176889527
8.279127646252606
8.285786616898354
8.292418635049904
8.299023654741035
8.305601629821671
8.312150154309576
8.318670675285892
8.325164016715998
8.331630131791497
8.338068973519327
8.34448049472153
8.350864648035012
8.357221385911323
8.363550660616433
8.369852424230524
8.376126156486867
8.382369615229239
8.388585423460981
8.394773532600537
8.400933893879994
8.407066458344934
8.413171176854233
8.419248000079886
8.425296878506856
8.431317762432911
8.437310601968461
8.44327492917829
8.44920849374585
8.455113869540618
8.460991006009861
8.466839852413264
8.472660357822816
8.47845247112269
8.484216141009146
8.489951315990423
8.495657944386664
8.501335974329818
8.506985353763563
8.512604256820756
8.518193263099983
8.523753469068563
8.529284822008774
8.534787269014801
8.540260756992685
8.545705232660309
8.551120642547373
8.556506932995385
8.561864050157656
8.5671919399993
8.572490548297257
8.577758579420635
8.582995679783172
8.588203343433355
8.593381515492425
8.598530140894056
8.603649164384432
8.608738530522293
8.613798183679037
8.618828068038793
8.623828127598525
8.628798306168132
8.633738547370564
8.638648794641957
8.643527695729246
8.648375160527628
8.653192470487747
8.657979568401215
8.662736396874006
8.66746289832663
8.672159014994314
8.676824688927233
8.681459861990689
8.686064475865349
8.690638472047477
8.69518179184917
8.699694376398618
8.704176166640371
8.708625847467188
8.71304343206958
8.717430055428666
8.721785657863164
8.726110179510005
8.73040356032468
8.73466574008157
8.738896658374307
8.743096254616132
8.747264468040271
8.751401237700337
8.755506502470709
8.75958020104697
8.763622271946316
8.767632653508002
8.771610984855087
8.775555580592032
8.779468313857272
8.783349122392973
8.787197943766072
8.791014715368782
8.794799374419132
8.798551857961485
8.802272102867116
8.805960045834768
8.809615623391233
8.813238771891951
8.81682942752162
8.820387526294828
8.823913004056676
8.827405796483449
8.830865839083277
8.834293067196814
8.837686064479696
8.84104553246555
8.84437200586224
8.847665419461519
8.850925707891543
8.854152805617643
8.857346646943105
8.86050716600997
8.863634296799866
8.86672797313482
8.869788128678133
8.872814696935217
8.875807611254512
8.878766804828354
8.881692210693917
8.884583761734127
8.887441390678628
8.890265030104741
8.893054612438453
8.895810069955413
8.898531334781964
8.901217108770055
8.90386821790794
8.906484947063545
8.90906722789245
8.911614991906378
8.914128170474303
8.916606694823603
8.919050496041212
8.921459505074788
8.923833652733927
8.926172869691362
8.928477086484211
8.930746233515205
8.93298024105399
8.93517903923841
8.937342558075798
8.93947072744434
8.941563477094403
8.943620736649917
8.945642435609757
8.94762850334917
8.949578869121195
8.951493462058108
8.953372211172924
8.955215045360868
8.957021893400892
8.958792683957219
8.960527345580891
8.962225806711364
8.963887135229061
8.965511991498882
8.967100452393789
8.96865244603631
8.970167900445404
8.971646743538143
8.973088903131451
8.974494306943825
8.975862882597125
8.977194557618333
8.978489259441387
8.979746915409002
8.980967452774527
8.982150798703811
8.983296880277132
8.984405624491092
8.985476958260582
8.986510808420745
8.987507101728962
8.988465764866893
8.989386724442497
8.990269906992099
8.991115238982486
8.991922646813018
8.99269205681776
8.993423395267637
8.99411658837264
8.994771562284008
8.995388243096487
8.995966556850567
8.996506429534774
8.997007787087979
8.997470555401721
8.997894660322576
8.998280027654532
8.998626583161387
8.998934252569205
8.999202961568743
8.999432635817955
8.99962320094449
8.999774582548227
8.999886706203833
8.99995949746335
8.999992881858798
8.99998678490481
8.999941132101306
8.999855848936159
8.999730860887924
8.999566093428573
8.999361472026246
8.999116922148065
8.998832369262926
8.998507738844358
8.998142956373387
8.997737947341422
8.997292637253194
8.996806951629681
8.996280816011101
8.995714155959902
8.99510689706379
8.994458964938776
8.993770285232268
8.993040783626162
8.992270385839985
8.99145901763404
8.99060660481261
8.989713073227154
8.988778348779544
8.987802357425338
8.986785025177069
8.985726278107547
8.984626042353236
8.983484244117586
8.982300809674452
8.981075665371513
8.979808737633721
8.97849995296677
8.977149237960614
8.975756519292975
8.974321723732919
8.972844778144417
8.97132560948997
8.969764144834235
8.96816031134768
8.966514036310281
8.96482524711522
8.963093871272639
8.961319098674165
8.959501167480052
8.957640404732706
8.955736738403312
8.95379009660059
8.95180040757468
8.949767599721088
8.94769160158464
8.945572341863473
8.943409749413053
8.941203753250198
8.93895428255715
8.936661266685652
8.93432463516108
8.931944317686549
8.929520244147099
8.927052344613873
8.924540549348315
8.921984788806425
8.919384993643003
8.916741094715926
8.91405302309047
8.911320710043626
8.908544087068456
8.90572308587848
8.90285763841205
8.899947676836799
8.896991759746212
8.893990639808587
8.890944774628787
8.887854097336982
8.884718541317012
8.88153804021096
8.878312527923748
8.875041938627746
8.871726206767416
8.86836526706396
8.864959054520005
8.86150750442431
8.858010552356465
8.854468134191642
8.850880186105355
8.847246644578231
8.84356744640082
8.839842528678401
8.836071828835816
8.832253310569678
8.828388386395643
8.824477465388803
8.820520486341078
8.816517388390652
8.812468111026941
8.80837259409555
8.80423077780328
8.800042602723119
8.795808009799261
8.791526940352165
8.787199336083575
8.782825139081607
8.778404291825828
8.773936737192342
8.769421363435223
8.764857320916317
8.760246373700037
8.755588466374883
8.75088354395403
8.7461315518805
8.74133243603237
8.736486142727962
8.731592618731069
8.726651811256176
8.721663667973697
8.716628137015219
8.711545166978759
8.706414706934018
8.70123347852916
8.696004589556066
8.69072803329161
8.685403760855339
8.680031723867527
8.674611874454486
8.669144165253874
8.66362854942003
8.65806498062929
8.652453413085318
8.646793801524455
8.641086073612604
8.635326638911442
8.629519001357359
8.62366311801023
8.617758946491994
8.611806444992006
8.60580557227238
8.59975628767334
8.593658551118557
8.587512323120503
8.581317564785785
8.575074025334812
8.568778196869884
8.562433700116484
8.556040498780717
8.549598557192219
8.543107840309482
8.536568313725159
8.52997994367137
8.523342697024992
8.516656541312948
8.509921444717483
8.503133667677536
8.49629642092241
8.489410118663441
8.482474731956918
8.475490232543464
8.468456592853213
8.461373786011027
8.454241785841663
8.44706056687495
8.439828516009614
8.432544389690882
8.425210950917124
8.417828177315089
8.410396047244939
8.402914539805286
8.395383634838234
8.387803312934423
8.380173555437999
8.372492738956877
8.364759452767451
8.356976659909085
8.349144345039727
8.341262493598183
8.333331091808985
8.325350126687217
8.317319586043316
8.30923945848784
8.301106053575072
8.29292192253493
8.284688157656776
8.276404751073253
8.26807169574317
8.259688985456085
8.251256614836853
8.242774579350156
8.234240122842335
8.225653786401883
8.217017760961761
8.20833204568574
8.199596640601994
8.190811546607383
8.181976765471736
8.17309229984205
8.164154795577625
8.155165862716174
8.146127245159773
8.137038949420655
8.127900982911068
8.118713353947227
8.109476071753244
8.10018896411877
8.090847174695536
8.08145575374448
8.072014714491088
8.06252407108981
8.052983838627682
8.043394033127896
8.03375467155331
8.024062292782684
8.01431852149305
8.004525241687828
7.9946824744717695
7.9847902419081125
7.974848567021806
7.964857473802623
7.9548143841409615
7.944719081697179
7.93457443193683
7.924380463102152
7.914137204416839
7.903844686088824
7.893502939312992
7.883109273383223
7.8726636359405875
7.862168865137405
7.851624996517652
7.841032066626487
7.830390113012576
7.819699174230351
7.808955520234249
7.798161130526267
7.787317875338886
7.77642579765713
7.765484941483456
7.754495351839579
7.743457059996544
7.732364487798863
7.721223323394923
7.7100336162947585
7.698795417036988
7.687508777190168
7.676173749354146
7.664787739107921
7.65335040059108
7.641864840696771
7.630331116563543
7.618749286367643
7.607119409323892
7.595441283217399
7.583709766456541
7.571930391535078
7.560103222235854
7.548228323384077
7.536305760847712
7.524335601537803
7.5123136974560785
7.500242808508242
7.488124537216165
7.475958955074984
7.463746134623588
7.451486149444435
7.439176099143089
7.4268162616613
7.414409496138233
7.401955880738948
7.389455494669992
7.37690841817871
7.364312512944832
7.351666557308966
7.338974170164531
7.326235436325067
7.31345044163999
7.300619272993366
7.287740117402385
7.274811138389712
7.261836266451438
7.248815593006263
7.235749210499775
7.222637212402706
7.209477723721715
7.19626907911275
7.183015121889831
7.169715950011429
7.156371662450489
7.142982359192178
7.12954576552896
7.116061073796614
7.102531691025755
7.088957721627001
7.075339271009646
7.06167644557887
7.047966282761202
7.034209419836938
7.020408528104767
7.006563718317702
6.992675102208221
6.978742792484967
6.964762899664407
6.950737994781162
6.936669763224102
6.922558321956896
6.90840378890013
6.8942062829274935
6.879960796911327
6.865672227529569
6.851341072618418
6.836967455198842
6.822551499222874
6.808092357661066
6.793586677894388
6.779039063724055
6.764449643147073
6.749818545067196
6.735145899290245
6.720429408963923
6.705668729290891
6.690866925428541
6.676024131093313
6.661140480876786
6.646216110240482
6.63124720858313
6.616236576040198
6.601185665247051
6.586094615427867
6.570963566647338
6.555792324944143
6.540576548770443
6.525321230913949
6.510026515066878
6.494692545730484
6.4793194682091215
6.46390545383009
6.448449563212982
6.432955038900939
6.417422029654386
6.40185068500314
6.386241155240048
6.370590023539137
6.354899667245298
6.339171616666788
6.323406025369501
6.307603047646555
6.2917625724463
6.275880474206044
6.2599614933846635
6.244005787385358
6.228013514301092
6.211984832907614
6.195918098723112
6.179812405560302
6.163670822515577
6.147493511272744
6.131280634159166
6.115032354138473
6.098745627439115
6.082422504718853
6.066064511080853
6.049671812185919
6.033244574290349
6.016782929828047
6.000282698287152
5.983748470309762
5.9671804146650675
5.950578700675793
5.9339434982104216
5.91727372454492
5.900567796107306
5.883828933333599
5.867057308380819
5.850253093908577
5.833416463071185
5.816545311699914
5.79964026933222
5.782703375191021
5.765734804489062
5.748734732889652
5.731703336498542
5.714637697728718
5.697540245974334
5.680412043322099
5.663253267701635
5.646064097440139
5.628844711254189
5.6115915964106104
5.594308547612023
5.576995864916422
5.5596537286263334
5.542282319388268
5.524881396211827
5.507448341534689
5.489986601841306
5.472496359161489
5.45497779582337
5.437431094445068
5.419855699036965
5.402249798430015
5.384616353664697
5.366955548501592
5.349267566945484
5.331552593237063
5.313809979864685
5.296038274832273
5.278240176289675
5.260415869379258
5.242565539433622
5.224689371967286
5.206786846003536
5.188856431556455
5.170900781805446
5.152920082927205
5.134914521235006
5.1168842831705135
5.098829182920223
5.080747193438019
5.062641132199133
5.044511186070243
5.026357542001599
5.0081803870188715
4.989979908215102
4.97175366099377
4.953504351160511
4.935232323484399
4.916937765213827
4.898620863620597
4.880281805991931
4.861919023238759
4.843533637109133
4.825126700844143
4.806698401658004
4.788248926737344
4.769778463233474
4.751286472076919
4.73277217785835
4.714237499769396
4.695682624665561
4.6771077393251295
4.658513030441598
4.639898684616184
4.621263067308884
4.602607794861031
4.58393348749945
4.565240331280214
4.546528512126712
4.527798215822357
4.509049224539189
4.490280473188385
4.471493843246852
4.452689519745214
4.433867687535155
4.415028531282467
4.3961722354600585
4.377298156564233
4.358406267549522
4.339497832302081
4.320573034312182
4.301632056840098
4.282675082909491
4.263702295300772
4.244712984472666
4.225707433348315
4.206686655391938
4.187650832183405
4.168600145024213
4.149534774931232
4.130454902630456
4.111360053920811
4.092250209374129
4.073126441780114
4.053988930459138
4.034837854407679
4.015673392292485
3.9964957224446764
3.9773048446136574
3.958099949558671
3.9388824171288586
3.919652424058203
3.90041014671432
3.8811557610929897
3.8618894428127164
3.8426113671093476
3.8233209914458524
3.8040187732290445
3.784705356716657
3.7653809153469613
3.7460456221474416
3.7266996497298246
3.707343170285085
3.687976355578584
3.668598547404349
3.6492106017139294
3.6298128674418404
3.610405514374184
3.590988711846034
3.5715626287369022
3.5521274334662993
3.5326832939892983
3.51322975265187
3.4937674160137044
3.4742966683106014
3.454817675355905
3.435330602475866
3.415835614505674
3.396332875785454
3.3768225501563687
3.3573045824010475
3.337778909951325
3.318246169231945
3.2987065217991622
3.279160128690396
3.2596071504207202
3.240047746979368
3.2204820778263663
3.200910301889144
3.181332320886894
3.161748304356232
3.1421586824662913
3.122563611721985
3.1029632480788294
3.0833577469400044
3.0637472631534175
3.0441319510088665
3.0245119642352254
3.004887387610344
2.985258149530661
2.9656247201562693
2.9459872506796847
2.926345891718711
2.906700793314033
2.8870521049268483
2.8673999754365265
2.8477445531383694
2.828085985741384
2.808424352656939
2.7887597183290422
2.76909240140227
2.7494225469500093
2.729750299448805
2.7100758027765472
2.690399200210641
2.6707206344262984
2.6510402474948145
2.6313581808819464
2.6116745754463366
2.591989505921957
2.5723031638199867
2.5526157218185856
2.532927318062848
2.5132380900836004
2.493548174796126
2.4738577084990077
2.4541668268729366
2.4344756649796637
2.4147843572609196
2.3950930375374195
2.375401841824537
2.3557109255812083
2.336020412184016
2.316330432693009
2.296641117543255
2.2769525965441626
2.257264998878822
2.2375784531034406
2.217893087146781
2.1982090283096816
2.178526403264589
2.158845338055166
2.1391659580959415
2.1194884376971443
2.099812936497762
2.0801395067931794
2.060468271217592
2.0407993517754743
2.0211328698415083
2.001468946160565
1.9818077008476842
1.9621492533881577
1.9424937226375953
1.9228412268220607
1.903191883538267
1.8835458097537594
1.863903121807196
1.844263935408619
1.8246285552386685
1.8049969370633556
1.785369173856787
1.7657453785690589
1.746125663524547
1.7265101404224705
1.7068989203374436
1.687292113720104
1.6676898303977534
1.6480921795750392
1.6284992698346885
1.608911209138237
1.5893281048268528
1.5697500636221158
1.5501771916269034
1.5306095943262807
1.5110473765883943
1.4914908134930012
1.4719399345043034
1.4523947520869236
1.432855368419723
1.413321885070868
1.3937944029989406
1.3742730225540754
1.3547578434791803
1.3352489649111121
1.3157464853819316
1.296250502820193
1.2767611145522089
1.2572784173034077
1.2378025071996583
1.2183334797686844
1.1988714299414436
1.1794164520535595
1.1599686398468179
1.1405280864706053
1.121094884483452
1.1016691258545475
1.0822509019653195
1.0628403145510523
1.0434376951090971
1.0240428824837788
1.0046559655174934
0.9852770324743437
0.9659061710418073
0.9465434683324736
0.9271890108858136
0.9078428846699182
0.8885051750833171
0.8691759669567528
0.8498553445550538
0.830543391578951
0.8112401911669533
0.7919458258972565
0.7726603777896162
0.7533839283073016
0.7341165583590126
0.7148583483008666
0.6956093779383482
0.6763697265283158
0.6571394727810217
0.6379186948621096
0.6187074703946972
0.5995058764613934
0.5803139896063909
0.5611318858375659
0.5419596406285478
0.5227973289208674
0.5036450251260599
0.48450280312784094
0.46537073628422765
0.4462488974297295
0.4271373588775341
0.4080361924216848
0.3889454693393122
0.36986526039282264
0.35079563583214857
0.33173666539699637
0.31268841831907035
0.2936509633243657
0.27462436863541106
0.2556087019735889
0.23660403056139234
0.21761042112473256
0.1986279398952849
0.1796566526127535
0.16069662452724656
0.14174792040157744
0.12281060451364186
0.10388474065873927
0.08497039215194563
0.06606762183048996
0.047176492056114114
0.02829706471745151
0.009429401232424533
-0.009426437449375538
-0.02827039084427045
-0.047102398932118913
-0.06592240215388281
-0.08473034140922009
-0.10352615805407216
-0.12230979389823474
-0.14108119120293156
-0.15984029267836786
-0.17858704148132354
-0.19732138121267828
-0.21604325591500095
-0.23475261007006762
-0.25344938859645477
-0.27213353684704933
-0.29080500060660214
-0.3094637260892952
-0.32810965993624186
-0.34674274921305825
-0.3653629414073914
-0.3839701844264397
-0.40256442659451735
-0.4211456166505495
-0.4397137037456422
-0.45826863744058494
-0.4768103677033988
-0.4953388449068669
-0.5138540198260461
-0.5323558436358307
-0.5508442679084513
-0.5693192446110288
-0.5877807261031005
-0.6062286651341418
-0.6246630148411283
-0.6430837287460343
-0.6614907607534087
-0.6798840651478799
-0.6982635965917183
-0.7166293101223737
-0.734981161150006
-0.7533191054550581
-0.7716430991857738
-0.7899530988557818
-0.8082490613416156
-0.8265309438802992
-0.844798704066902
-0.8630522998520759
-0.8812916895396624
-0.8995168317842274
-0.9177276855886567
-0.9359242103017279
-0.9541063656156791
-0.9722741115638215
-0.9904274085180929
-1.008566217186683
-1.0266904986116077
-1.0448002141663346
-1.0628953255533715
-1.080975276587475
-1.0990405126568168
-1.1170910186658338
-1.1351267575570667
-1.1531476925912878
-1.1711537873451114
-1.1891450057086617
-1.2071213118831898
-1.2250826703787405
-1.243029046011772
-1.2609604039028528
-1.2788767094743059
-1.2967779284478702
-1.3146640268424
-1.332534970971522
-1.3503907274413556
-1.368231263148169
-1.3860565452761175
-1.4038665412949367
-1.4216612189576485
-1.4394405462983029
-1.457204491629683
-1.4749530235410717
-1.4926861108959661
-1.510403440856349
-1.5281047285727043
-1.5457904658128725
-1.5634606224865655
-1.5811151687674245
-1.5987540750908265
-1.616377312151655
-1.6339848509020805
-1.6515766625493915
-1.6691527185537767
-1.6867129906261618
-1.704257450726016
-1.7217860710592072
-1.7392988240758236
-1.75679568246802
-1.774276619167904
-1.7917416073453563
-1.8091906204059454
-1.8266236319887854
-1.8440405129269823
-1.8614404075759154
-1.8788242083199382
-1.8961918896992807
-1.913543426477984
-1.9308787936418566
-1.948197966396396
-1.965500920164712
-1.9827876305855054
-2.000058073511002
-2.0173122250049347
-2.034550061340512
-2.0517715589983943
-2.068976694664707
-2.0861654452290117
-2.103337787782358
-2.1204936996152517
-2.137632420524177
-2.1547541682632216
-2.171859403306053
-2.1889481037217586
-2.206020247769748
-2.2230758138978395
-2.2401147807403055
-2.2571371271159886
-2.2741428320263775
-2.291131874653697
-2.3081042343590443
-2.325059890680481
-2.3419988233311826
-2.3589210121975692
-2.3758264373374343
-2.3927138943138115
-2.409584322015445
-2.4264379120329838
-2.443274645100963
-2.4600945021167
-2.4768974641384798
-2.4936835123837353
-2.510452628227297
-2.527204793199582
-2.5439399889848495
-2.5606581974194187
-2.577359400489938
-2.594043580331631
-2.6107102253116525
-2.6273587464809456
-2.643990176548705
-2.660604498243685
-2.677201694435071
-2.693781748130764
-2.7103446424757336
-2.7268903607503
-2.7434188863685005
-2.7599302028764097
-2.776424293950507
-2.7929011433960245
-2.8093607351453174
-2.8258018511759553
-2.8422251707373674
-2.858631170074562
-2.8750198336346053
-2.891391145983994
-2.9077450918071097
-2.9240816559046054
-2.9404008231918723
-2.9567025786974566
-2.972986907561536
-2.9892537950343616
-3.0055032264747363
-3.021733689428594
-3.0379463209698057
-3.054141438253085
-3.070319027083222
-3.0864790733663114
-3.102621563108269
-3.1187464824133446
-3.134853817482675
-3.1509435546128053
-3.167015680194261
-3.183070180710102
-3.1991060487931207
-3.2151232945362995
-3.231122860428787
-3.2471047333400183
-3.2630689002250834
-3.2790153481233517
-3.294944064157077
-3.310855035530004
-3.3267482495260285
-3.342623693507808
-3.358481354915445
-3.374319812979154
-3.3901397879544377
-3.4059419285595567
-3.421726222564345
-3.437492657809586
-3.453241222205668
-3.4689719037313083
-3.4846846904322506
-3.500379570419966
-3.516056531870415
-3.5317150077706105
-3.5473539091219033
-3.562974842481022
-3.578577796304863
-3.594162759108627
-3.609729719464571
-3.6252786660008027
-3.64080958740003
-3.6563224723983847
-3.6718173097841955
-3.6872936894986363
-3.7027501076835714
-3.718188430804771
-3.733608647885025
-3.7490107479934625
-3.764394720244417
-3.7797605537962493
-3.7951082378502004
-3.8104377616492693
-3.82574911447705
-3.8410413508732564
-3.8563139379745994
-3.8715683083346293
-3.8868044514271514
-3.9020223567610106
-3.917222013879039
-3.932403412356933
-3.9475665418021926
-3.962711391853049
-3.977837952177374
-3.9929440576766724
-4.008031516414251
-4.023100641028286
-4.0381514213347245
-4.053183847173922
-4.068197908409603
-4.0831935949278195
-4.098170896635961
-4.113129803461722
-4.128068833208265
-4.142988344775399
-4.157889418049133
-4.172772043069185
-4.187636209890565
-4.202481908582617
-4.2173091292280285
-4.232117861921884
-4.246908096770698
-4.26167855400254
-4.276429105754244
-4.291161117009087
-4.305874577951117
-4.320569478771026
-4.335245809665241
-4.3499035608349965
-4.364542722485413
-4.37916328482461
-4.393763700704769
-4.408344296725259
-4.422906251324259
-4.437449554754425
-4.451974197266846
-4.466480169110156
-4.480967460529677
-4.495436061766543
-4.509885963056843
-4.524314892530608
-4.53872454772496
-4.5531154611951274
-4.567487623190174
-4.581841023949782
-4.5961756537034
-4.610491502669428
-4.624788561054398
-4.63906627014511
-4.653322836809293
-4.667560571248069
-4.681779463654099
-4.695979504203982
-4.7101606830574765
-4.7243229903567245
-4.738466416225438
-4.752590950768149
-4.766694514098212
-4.78077828061145
-4.794843114115643
-4.808889004672346
-4.822915942319942
-4.836923917072866
-4.850912918920874
-4.864882937828286
-4.878832975825675
-4.892761982495855
-4.906671964359348
-4.920562911312732
-4.9344348132233
-4.948287659928361
-4.962121441234522
-4.975936146916958
-4.989731594670402
-5.003505043471272
-5.0172593744587175
-5.030994577316261
-5.044710641692319
-5.058407557199509
-5.072085313413946
-5.085743899874578
-5.099383306082482
-5.1130007801511645
-5.126598651568873
-5.140177300007813
-5.153736714851494
-5.167276885442021
-5.180797801079451
-5.194299451021113
-5.2077818244809695
-5.221242436672912
-5.234683027509902
-5.2481042985314295
-5.261506238811705
-5.274888837378175
-5.288252083210851
-5.301595965241703
-5.314920472354018
-5.328223162934401
-5.341505637100676
-5.354768692280528
-5.368012317196071
-5.381236500517443
-5.394441230862183
-5.407626496794636
-5.420792286825321
-5.433935993547088
-5.447059497203501
-5.4601634800334615
-5.473247930365585
-5.486312836471494
-5.499358186565222
-5.512383968802611
-5.52539017128074
-5.538373827466617
-5.551337486441014
-5.564281519755827
-5.577205915306125
-5.5901106609251325
-5.60299574438363
-5.6158611533894
-5.628706769690419
-5.641529408263146
-5.654332325547407
-5.667115509031913
-5.679878946139388
-5.692622624225966
-5.705346530580666
-5.718050652424812
-5.73073421913699
-5.743395304994657
-5.756036558317555
-5.7686579660889645
-5.78125951522155
-5.79384119255682
-5.806402984864596
-5.818944878842456
-5.831465306524964
-5.843963893647742
-5.856442533118798
-5.868901211379186
-5.881339914794874
-5.893758629656223
-5.90615734217745
-5.918536038496099
-5.930892226364493
-5.943227339112115
-5.955542384931625
-5.967837349686046
-5.980112219158966
-5.992366979054003
-6.004601614994294
-6.016816112521974
-6.029006946780246
-6.041177577656325
-6.053328017887218
-6.065458252723015
-6.077568267330085
-6.089658046790577
-6.101727576101912
-6.113775781157598
-6.125801192399738
-6.13780629987427
-6.149791088271593
-6.161755542194721
-6.17369964615877
-6.185623384590471
-6.197526741827655
-6.20940748479542
-6.221266427687677
-6.233104934073812
-6.244922987967865
-6.256720573292374
-6.268497673877891
-6.280254273462468
-6.291990355691184
-6.3037024768615035
-6.315393840699482
-6.327064630080814
-6.338714828310362
-6.350344418597459
-6.361953384055395
-6.373541707700956
-6.3851083585274715
-6.396651693147722
-6.408174327229109
-6.41967624343417
-6.431157424326391
-6.442617852369742
-6.454057509928191
-6.465476379265202
-6.476872203141813
-6.488245763690535
-6.499598475328643
-6.510930319949549
-6.522241279343709
-6.533531335198127
-6.544800469095875
-6.556048662515616
-6.567272441801652
-6.578474997600428
-6.589656550179519
-6.600817080632034
-6.611956569944231
-6.62307499899502
-6.6341723485555155
-6.645247674586904
-6.656299093448098
-6.667329368227596
-6.678338479297654
-6.68932640692033
-6.700293131246969
-6.711238632317746
-6.722162890061174
-6.733063848459043
-6.743941828620668
-6.754798498648532
-6.765633838057337
-6.776447826247727
-6.787240442505862
-6.798011666002909
-6.808761475794578
-6.819486780160267
-6.830189955216011
-6.840871647460737
-6.851531835521598
-6.862170497907941
-6.872787613010819
-6.883383159102519
-6.8939568590204345
-6.904505451871552
-6.915032404546209
-6.925537694875512
-6.936021300569493
-6.946483199216619
-6.956923368283324
-6.967341785113534
-6.9777373710799395
-6.988108457311206
-6.998457717689044
-7.008785129101937
-7.019090668313564
-7.029374311962302
-7.039636036560791
-7.049875818495448
-7.06009192574183
-7.070283988339607
-7.080454032126041
-7.090602033018086
-7.100727966804179
-7.110831809143796
-7.120913535566948
-7.130973121473751
-7.141008355762671
-7.151019821850524
-7.161009068666857
-7.170976071128535
-7.18092080402025
-7.190843241994061
-7.200743359568915
-7.210621131130189
-7.220474067787304
-7.230303306950595
-7.240110118662253
-7.249894476810886
-7.259656355149298
-7.2693957272940075
-7.2791125667248
-7.288806846784256
-7.298476029787253
-7.308121352431868
-7.3177440315109585
-7.327344039857073
-7.336921350163357
-7.346475934983087
-7.356007766729175
-7.365516817673741
-7.37500075879947
-7.384460414546003
-7.393897202469457
-7.403311094318944
-7.412702061700618
-7.422070076077176
-7.4314151087674105
-7.440737130945758
-7.450034308977024
-7.45930648509212
-7.468555560777286
-7.477781506671284
-7.486984293266372
-7.496163890907837
-7.50532026979355
-7.514453399973495
-7.523562259967058
-7.532645079834213
-7.5417045581142474
-7.550740664309133
-7.55975336777086
-7.568742637700986
-7.577708443150169
-7.586650753017725
-7.59556953605115
-7.604461227267859
-7.6133291574097655
-7.62217346440026
-7.630994116425263
-7.6397910815168375
-7.64856432755275
-7.657313822256021
-7.666039533194452
-7.674739457759961
-7.68341382202876
-7.692064303117651
-7.700690868021302
-7.709293483577198
-7.7178721164651725
-7.7264267332069885
-7.734957300165878
-7.74346378354609
-7.751942505362454
-7.760397065281047
-7.7688274386241405
-7.777233591010265
-7.785615487897042
-7.793973094580777
-7.8023063761960145
-7.810615297715086
-7.818898640856874
-7.827155114440905
-7.835387121712433
-7.843594627047489
-7.851777594658062
-7.8599359885916575
-7.868069772730881
-7.876178910793016
-7.884263366329595
-7.892321283442477
-7.900352678803945
-7.908359281711528
-7.916341055109079
-7.92429796177294
-7.932229964311538
-7.94013702516495
-7.948019106604533
-7.955876170732475
-7.963706330609694
-7.97150970303879
-7.979287944453948
-7.987041016339075
-7.994768880007264
-8.00247149660041
-8.0101488270888
-8.01780083227074
-8.025427472772149
-8.033027488884875
-8.04059978662117
-8.048146602144437
-8.05566789545256
-8.063163626369498
-8.070633754544911
-8.078078239453797
-8.085497040396106
-8.092890116496395
-8.100257426703433
-8.10759560929325
-8.11490782554293
-8.122194154025728
-8.129454553052541
-8.136688980757118
-8.143897395095681
-8.151079753846606
-8.158236014610068
-8.165366134807709
-8.172468917849521
-8.179543250916149
-8.186591317615399
-8.193613074723443
-8.200608478836681
-8.207577486371425
-8.21452005356359
-8.22143613646835
-8.228325690959876
-8.235188672730995
-8.242023568570394
-8.248829964479306
-8.255609657433562
-8.2623626024734
-8.269088754456687
-8.275788068058635
-8.282460497771543
-8.289105997904487
-8.29572452258309
-8.302316025749233
-8.30887971606877
-8.315413809322694
-8.321920746365421
-8.32840048048081
-8.334852964768155
-8.341278152141987
-8.347675995331794
-8.354046446881839
-8.360389459150909
-8.366704984312106
-8.372992974352641
-8.37925133914281
-8.385480978690923
-8.391682943460907
-8.397857184778054
-8.404003653781224
-8.410122301422659
-8.416213078467818
-8.422275935495206
-8.428310822896206
-8.434317690874924
-8.440296489448036
-8.446245231906445
-8.452164708394985
-8.458055970857805
-8.463918968648393
-8.469753650932608
-8.475559966688541
-8.481337864706422
-8.487087293588514
-8.492808201749016
-8.498500537413983
-8.504164248621242
-8.509798969987516
-8.51540235671169
-8.520976969413553
-8.52652275546942
-8.532039662067522
-8.537527636207983
-8.542986624702761
-8.548416574175656
-8.553817431062269
-8.559189141610009
-8.56453165187809
-8.569844907737536
-8.575128854871192
-8.580380805768355
-8.585603194622832
-8.590796119349028
-8.595959524974392
-8.601093356338836
-8.606197558094825
-8.611272074707408
-8.616316850454345
-8.62133182942616
-8.626316955526276
-8.631272172471107
-8.636197423790179
-8.64109265282625
-8.645955193914954
-8.650787588433642
-8.655589799533088
-8.66036176991207
-8.665103442083796
-8.669814758376118
-8.67449566093171
-8.679146091708278
-8.683765992478785
-8.68835530483166
-8.692913970171059
-8.697441929717089
-8.701939124506088
-8.706405463300369
-8.710838506200828
-8.715240617630354
-8.719611737998674
-8.723951807533572
-8.728260766281224
-8.732538554106513
-8.73678511069341
-8.741000375545294
-8.74518428798536
-8.749336787156972
-8.753457812024076
-8.757547301371602
-8.761605193805888
-8.765631427755102
-8.769625941469696
-8.773587261648267
-8.777515933920617
-8.781412712614282
-8.785277535383745
-8.789110339708524
-8.792911062893667
-8.7966796420703
-8.800416014196184
-8.804120116056245
-8.807791884263176
-8.81143125525802
-8.815038165310774
-8.818612550521
-8.822154346818456
-8.825663489963757
-8.829139915549025
-8.832583558998563
-8.835993977848487
-8.839369918727165
-8.842712897559213
-8.846022849218471
-8.849299708414799
-8.852543409694842
-8.855753887442807
-8.85893107588126
-8.862074909071932
-8.865185320916545
-8.868262245157656
-8.871305615379509
-8.874315365008922
-8.877291427316166
-8.880233735415885
-8.883142222268006
-8.886016820678702
-8.888857463301324
-8.891664082637408
-8.894436611037642
-8.897174980702898
-8.899878683025781
-8.902546956570907
-8.905180884251669
-8.907780397795994
-8.910345428787393
-8.912875908666072
-8.915371768730067
-8.917832940136387
-8.92025935390218
-8.922650940905923
-8.925007631888624
-8.927329357455056
-8.929616048074982
-8.931867634084433
-8.934084045686992
-8.936265212955085
-8.9384110658313
-8.940521534129742
-8.942596547537386
-8.944636035615463
-8.946639927800858
-8.948608153407525
-8.95054064162795
-8.952437321534585
-8.954298122081365
-8.956122972105186
-8.957911800327443
-8.959664535355575
-8.961381105684628
-8.963061081261534
-8.964704108297585
-8.966310775858094
-8.967881012118003
-8.96941474514785
-8.970911902915434
-8.972372413287532
-8.973796204031643
-8.975183202817721
-8.97653333721996
-8.977846534718593
-8.97912272270172
-8.98036182846713
-8.981563779224198
-8.982728502095743
-8.983855924119961
-8.984945972252353
-8.985998573367695
-8.98701365426199
-8.987991141654515
-8.98893096218981
-8.989833042439768
-8.990697308905679
-8.991523688020353
-8.992312106150226
-8.993062489597529
-8.993774764602444
-8.99444885734531
-8.995084693948835
-8.995682200480354
-8.996241302954088
-8.99676192733345
-8.997243999533346
-8.99768744542254
-8.998092190826014
-8.998458161527362
-8.998785283271207
-8.999073481765649
-8.999322682684731
-8.999532811670942
-8.999703794337732
-8.999835556272044
-8.999928023036913
-8.99998112017404
-8.999994773206424
-8.999968907641003
-8.99990344897134
-8.999798322680306
-8.999653454242821
-8.999468769128596
-8.999244192804907
-8.99897965073941
-8.998675068402965
-8.998330371272488
-8.997945484833828
-8.997520334584696
-8.99705484603757
-8.996548944722678
-8.996002556190975
-8.99541560601716
-8.994788019802703
-8.994119723178935
-8.993410641810112
-8.992660701396556
-8.991869827677782
-8.991037946435688
-8.99016498349774
-8.989250864740193
-8.988295516091355
-8.98729886353486
-8.986260833112965
-8.985181350929885
-8.984060343155152
-8.982897736026995
-8.98169345585575
-8.9804474290273
-8.979159582006535
-8.977829841340833
-8.976458133663597
-8.975044385697764
-8.973588524259418
-8.972090476261334
-8.970550168716633
-8.968967528742422
-8.967342483563458
-8.965674960515859
-8.963964887050814
-8.962212024984408
-8.960415482514199
-8.958576144555511
-8.956693939012238
-8.954768793923844
-8.952800637469272
-8.950789397970839
-8.948735003898227
-8.946637383872412
-8.9444964666697
-8.942312181225715
-8.940084456639484
-8.937813222177487
-8.93549840727777
-8.933139941554057
-8.930737754799905
-8.928291776992877
-8.925801938298745
-8.923268169075696
-8.920690399878598
-8.918068561463253
-8.915402584790696
-8.91269240103152
-8.909937941570206
-8.907139138009496
-8.904295922174768
-8.901408226118471
-8.898475561214271
-8.895496788743523
-8.892473304559218
-8.889405041666393
-8.886291933321495
-8.883133913036904
-8.879930914585549
-8.876682872005501
-8.873389719604587
-8.870051391965065
-8.866667823948259
-8.863238950699275
-8.85976470765169
-8.856245030532298
-8.852679855365848
-8.849069118479806
-8.845412756509166
-8.84171070640123
-8.837962905420458
-8.834168543065386
-8.830326594247866
-8.826438679329888
-8.822504736932087
-8.818524706018904
-8.814498525903515
-8.810426136252804
-8.806307477092355
-8.802142488811432
-8.797931112168
-8.793673288293755
-8.789368958699162
-8.785018065278521
-8.78062055031504
-8.77617635648591
-8.771685426867426
-8.767145201783277
-8.762557713868459
-8.75792329349776
-8.753241885471365
-8.748513435016728
-8.743737887793746
-8.738915189899961
-8.734045287875793
-8.729128128709716
-8.724163659843532
-8.719151829177576
-8.714092585076
-8.708985876371997
-8.703830063192191
-8.698624989379592
-8.693372272901959
-8.688071864630482
-8.682723715934406
-8.677327778686353
-8.671884005267653
-8.66639234857363
-8.66085276201896
-8.655265199542983
-8.649629615615025
-8.643945965239755
-8.638212378913073
-8.632428848187883
-8.62659709306979
-8.620717070899026
-8.614788739580574
-8.608812057589494
-8.602786983976296
-8.596713478372248
-8.590591500994764
-8.584421012652708
-8.578201974751765
-8.571932192345827
-8.565612034312164
-8.559243189765471
-8.552825622722953
-8.546359297828014
-8.539844180355562
-8.533280236217317
-8.526667431967121
-8.520005734806208
-8.513295112588509
-8.506533904471894
-8.499721174402385
-8.492859403555867
-8.485948562648431
-8.478988623077894
-8.471979556928977
-8.46492133697853
-8.457813936700715
-8.450657330272177
-8.443451492577216
-8.43619261548029
-8.428883835776336
-8.421525732339376
-8.41411828316223
-8.406661466973652
-8.39915526324337
-8.391599652187132
-8.383994614771705
-8.376340132719871
-8.368632283206534
-8.36087424564901
-8.353066693654215
-8.345209612269915
-8.337302987327181
-8.329346805445216
-8.321341054036182
-8.313285721309981
-8.305179509089202
-8.297020191760897
-8.288811244836621
-8.280552660037676
-8.272244429909207
-8.26388654782483
-8.255479007991179
-8.247021805452466
-8.238514658184299
-8.229953165661154
-8.22134198487925
-8.212681114571787
-8.20397055433419
-8.195210304628445
-8.186400366787359
-8.17754074301883
-8.16863062845779
-8.159666540105738
-8.150652764138878
-8.141589306620928
-8.132476174513638
-8.123313375680748
-8.114100918891927
-8.104838813826678
-8.095524274138539
-8.08615766735612
-8.076741435542738
-8.067275592387894
-8.057760152511884
-8.048195131469383
-8.038580545752973
-8.028915606400222
-8.01919659698401
-8.009428068858265
-7.999610042649701
-7.989742539941907
-7.97982558327858
-7.96985919616669
-7.959843403079583
-7.949772903060519
-7.939652923489404
-7.929483610600338
-7.919264993125927
-7.908997100781651
-7.89867996426858
-7.888313615276063
-7.877892598514426
-7.867422390010998
-7.856903065794021
-7.846334661907751
-7.835717215398822
-7.825050764318502
-7.8143343773783815
-7.803564436212053
-7.792745608454759
-7.781877936583519
-7.770961464091838
-7.75999623549157
-7.748982296314749
-7.737916850977726
-7.72679997655239
-7.715634534547326
-7.704420574986694
-7.693158148923901
-7.681847308442994
-7.670488106659949
-7.659075101052332
-7.647613644769258
-7.636103995548336
-7.624546211046852
-7.612940349960233
-7.601286472022874
-7.589581511052765
-7.577826057303881
-7.566022777155547
-7.55417173491173
-7.542272995918977
-7.530326626566759
-7.518331351494109
-7.506284180202859
-7.494189591211255
-7.482047655492491
-7.469858445063614
-7.45762203298532
-7.445338395726859
-7.4330020512519654
-7.420618740044026
-7.408188539747108
-7.395711529047105
-7.38318778767105
-7.370617396386392
-7.357995344325818
-7.345326162398762
-7.332610591240357
-7.319848716182212
-7.307040623591232
-7.294186400868354
-7.281281370185258
-7.268329433346697
-7.255331649163411
-7.242288109567767
-7.229198907518141
-7.216064136997177
-7.202879071576695
-7.18964775847943
-7.176371181620505
-7.163049439465898
-7.149682631494956
-7.136270858198088
-7.122809012529179
-7.1093019622887725
-7.095750273090156
-7.082154049843635
-7.068513398456786
-7.054828169078656
-7.0410933617837745
-7.027314470672772
-7.013491606007737
-6.9996248790318125
-6.985714401965982
-6.971759068314771
-6.95775587032976
-6.943709287549101
-6.929619436456609
-6.915486434494895
-6.90131040006156
-6.887089073840264
-6.872821843063946
-6.8585119655982245
-6.844159563996953
-6.8297647617471515
-6.815327683264801
-6.800844767542454
-6.786318104631167
-6.771749571201106
-6.757139295703216
-6.742487407492883
-6.727794036825177
-6.713054217974028
-6.698272959546674
-6.683450643678512
-6.668587404524196
-6.653683377110913
-6.638737377234404
-6.6237469357614644
-6.608716146743155
-6.593645148981309
-6.5785340821210445
-6.563383086645236
-6.5481893885166365
-6.532953823590811
-6.517678788726801
-6.502364428022071
-6.487010886380194
-6.471618309504814
-6.456182347000706
-6.4407071209894085
-6.425193335566817
-6.409641139878855
-6.394050683837641
-6.378421018540448
-6.362749566747081
-6.347040344160879
-6.331293503981633
-6.315509200139691
-6.299687587289265
-6.283826143459373
-6.267925584296539
-6.251988221167522
-6.236014211821281
-6.220003714693045
-6.203956888897299
-6.187869748456843
-6.171746090183106
-6.155586622788462
-6.139391508279398
-6.123160909302321
-6.106894060600761
-6.090588435274038
-6.074247856424818
-6.057872489413356
-6.041462500199139
-6.025018055333376
-6.008537074138405
-5.992019823318009
-5.975468660376038
-5.958883754359421
-5.942265274864732
-5.92561339203042
-5.908924887858089
-5.892202470764519
-5.875447205350053
-5.858659264023984
-5.841838819694276
-5.824985833839897
-5.808096782920725
-5.791175792793165
-5.774223038441644
-5.757238695305205
-5.74022293926939
-5.723174836526937
-5.706092826818599
-5.68897997739926
-5.671836465996672
-5.654662470740256
-5.637458170152946
-5.620221951850076
-5.602953787503689
-5.585655899240603
-5.568328467188244
-5.550971671822178
-5.53358569395779
-5.516168465865267
-5.498721045945252
-5.4812450319860835
-5.4637406061677805
-5.446207950964509
-5.428647249136258
-5.411056203228554
-5.393436507587933
-5.375789359638195
-5.35811494326305
-5.340413442586282
-5.322685041963393
-5.3049274381009885
-5.2871425131829
-5.269331287301519
-5.251493945695354
-5.233630673789001
-5.215741657184855
-5.197824804823465
-5.179881749461198
-5.161913551865755
-5.143920398283154
-5.125902475091902
-5.107859968794749
-5.089791208824393
-5.071697160111052
-5.053579133063408
-5.035437314590955
-5.017271891682661
-4.999083051398896
-4.980869738212552
-4.962631857509386
-4.944371165350426
-4.926087848969388
-4.907782095627364
-4.88945409260485
-4.871103576492743
-4.852729035642618
-4.834332851042114
-4.815915209916319
-4.797476299466608
-4.779016306862945
-4.760535419236052
-4.742031884632718
-4.723507375117484
-4.7049625751687945
-4.686397671604497
-4.667812851161428
-4.649208300487866
-4.6305835072631565
-4.611937822082663
-4.593273008912926
-4.574589253873629
-4.55588674295542
-4.53716566201259
-4.518426196755881
-4.499667095258836
-4.480889381472934
-4.4620938816335425
-4.443280780682684
-4.424450263379984
-4.4056025142956425
-4.386737717803565
-4.36785429181291
-4.348954106731434
-4.330037467190702
-4.311104556566811
-4.292155558002557
-4.2731906544008025
-4.254209993154573
-4.235212123623933
-4.21619893636894
-4.197170613106254
-4.1781273352773365
-4.159069284042176
-4.139996640272971
-4.120909584547961
-4.101806883248401
-4.082690054742986
-4.063559392890555
-4.044415076850249
-4.02525728545442
-4.006086197202732
-3.9869019902563263
-3.9677039878180462
-3.9484927519612243
-3.9292689671420136
-3.910032809911904
-3.8907844564532703
-3.871524082573946
-3.8522518637017686
-3.8329678468828785
-3.8136712929801933
-3.7943634539103375
-3.7750445033150655
-3.7557146144278932
-3.7363739600690424
-3.717022712640473
-3.6976610441209754
-3.678288796351069
-3.6589058087609745
-3.6395129475284436
-3.620110382663387
-3.6006982837269685
-3.58127681982704
-3.5618461596136606
-3.5424064712746635
-3.5229577148727524
-3.5034996460981476
-3.4840330831705715
-3.464558192145348
-3.4450751385927867
-3.4255840875941264
-3.4060852037375002
-3.386578651114041
-3.3670645933139944
-3.347542639827325
-3.328013413015956
-3.3084771987776875
-3.2889341584098015
-3.2693844526889806
-3.249828241867803
-3.2302656856713363
-3.210696943293713
-3.191122173394834
-3.1715410230944046
-3.151954184286769
-3.1323618184407995
-3.1127640817870823
-3.093161130005338
-3.0735531182214575
-3.0539402010046515
-3.0343225323646132
-3.0147002657487167
-2.9950733019542546
-2.975441949292326
-2.9558064810036337
-2.9361670479936413
-2.916523800591897
-2.896876888549631
-2.8772264610374036
-2.8575726666428434
-2.8379156533683725
-2.8182555686290547
-2.798592379908202
-2.778926386109456
-2.75925778232303
-2.7395867133241034
-2.7199133232901263
-2.700237755798968
-2.680560153827143
-2.6608806597481243
-2.6411994153306413
-2.621516561737076
-2.6018322211726694
-2.5821464810164247
-2.562459571658259
-2.5427716315499174
-2.523082798529521
-2.5033932098202585
-2.4837030020292326
-2.464012311146213
-2.444321272542551
-2.424630020970114
-2.404938690560247
-2.385247414822824
-2.3655563415627525
-2.3458656103209514
-2.3261753475333875
-2.306485683947709
-2.286796749686246
-2.267108674245311
-2.247421586494631
-2.22773561467674
-2.208050886406521
-2.188367528670662
-2.1686856678272597
-2.1490054296054546
-2.1293269391050664
-2.1096504358498325
-2.089975955029224
-2.070303607099221
-2.0506335143791734
-2.0309657985586522
-2.011300580697454
-1.9916379812255238
-1.9719781199430213
-1.9523211160203744
-1.9326670879984034
-1.913016153788477
-1.8933684306727003
-1.8737240353041273
-1.8540830837070743
-1.834445774471474
-1.8148122713637544
-1.7951825665149252
-1.7755567731881339
-1.7559350040205457
-1.7363173710239075
-1.7167039855850459
-1.6970949584665058
-1.6774903998071782
-1.6578904191229489
-1.63829512530742
-1.6187046266326217
-1.5991190307498044
-1.5795384446902343
-1.5599629748660284
-1.5403927270710582
-1.5208278064818055
-1.5012683571034326
-1.4817146683373001
-1.462166624823688
-1.4426243290472398
-1.4230878828813198
-1.403557387589161
-1.3840329438249697
-1.3645146516351352
-1.3450026104593773
-1.3254969191319939
-1.3059976758831393
-1.2865049783400706
-1.2670189235285056
-1.2475396078739152
-1.2280671272029218
-1.208601576744688
-1.1891430511323133
-1.1696916444043437
-1.1502474500061546
-1.1308105607915253
-1.111381069024124
-1.091959066379047
-1.0725446439444448
-1.05313803455328
-1.033739307378132
-1.0143484315132112
-0.9949654955115638
-0.9755905873487536
-0.9562237944246118
-0.9368652035649371
-0.9175149010232803
-0.8981729724827446
-0.8788395030577334
-0.8595145772958003
-0.8401982791794922
-0.820890692128185
-0.801591899000011
-0.7823019820937036
-0.7630210231505276
-0.7437491033562202
-0.7244863033429423
-0.7052327031912622
-0.6859883824320943
-0.6667534200487369
-0.6475278944788766
-0.6283118836166537
-0.6091054648146683
-0.5899087148860656
-0.5707217101066134
-0.5515445262167848
-0.5323772384239187
-0.5132199214042761
-0.49407264930520506
-0.4749354957473081
-0.4558085338265665
-0.4366918361165737
-0.41758547467065465
-0.3984895210241299
-0.3794040461964743
-0.36032912069359335
-0.3412648145100184
-0.3222111971311792
-0.30316833753563516
-0.284136304197355
-0.2651151650880345
-0.24610498767929925
-0.2271058389450814
-0.20811778536387618
-0.18914089292106745
-0.17017522711130234
-0.1512208529407276
-0.13227783492940196
-0.113346237113645
-0.09442612304832444
-0.07551755580932168
-0.0566205979958191
-0.03773531173269287
-0.018861758672933
-2.204364238465236e-15
