-228.9718224617755
-228.92010409809075
-228.86784811384103
-228.81505463174977
-228.76172377580286
-228.70785567124827
-228.6534504445956
-228.59850822361588
-228.54302913734148
-228.48701331606532
-228.430460891341
-228.37337199598232
-228.31574676406296
-228.25758533091616
-228.19888783313456
-228.13965440856967
-228.07988519633162
-228.0195803367888
-227.9587399715677
-227.89736424355218
-227.83545329688383
-227.77300727696087
-227.71002633043815
-227.6465106052271
-227.58246025049476
-227.5178754166638
-227.45275625541217
-227.38710291967286
-227.32091556363312
-227.25419434273448
-227.18693941367218
-227.11915093439495
-227.05082906410445
-226.9819739632553
-226.91258579355406
-226.84266471795937
-226.77221090068144
-226.70122450718156
-226.6297057041718
-226.5576546596146
-226.48507154272235
-226.41195652395714
-226.33830977503004
-226.264131468901
-226.18942177977837
-226.1141808831183
-226.0384089556247
-225.96210617524852
-225.88527272118733
-225.80790877388512
-225.73001451503163
-225.6515901275622
-225.572635795657
-225.4931517047409
-225.4131380414829
-225.33259499379565
-225.2515227508351
-225.16992150300007
-225.08779144193153
-225.00513276051277
-224.92194565286815
-224.83823031436327
-224.75398694160427
-224.66921573243724
-224.58391688594799
-224.49809060246164
-224.41173708354174
-224.32485653199018
-224.2374491518466
-224.14951514838788
-224.06105472812766
-223.97206809881584
-223.88255546943833
-223.79251705021602
-223.70195305260506
-223.61086368929543
-223.51924917421127
-223.4271097225099
-223.33444555058162
-223.24125687604885
-223.14754391776592
-223.0533068958183
-222.95854603152253
-222.863261547425
-222.76745366730214
-222.67112261615947
-222.57426862023118
-222.4768919069795
-222.3789927050945
-222.2805712444931
-222.18162775631882
-222.08216247294126
-221.98217562795531
-221.88166745618082
-221.78063819366207
-221.67908807766693
-221.5770173466866
-221.47442624043492
-221.3713149998481
-221.26768386708335
-221.1635330855193
-221.05886289975484
-220.9536735556087
-220.84796530011863
-220.74173838154155
-220.6349930493521
-220.52772955424228
-220.41994814812142
-220.3116490841149
-220.20283261656377
-220.09349900102444
-219.9836484942677
-219.87328135427828
-219.76239784025415
-219.65099821260617
-219.53908273295713
-219.42665166414127
-219.31370527020403
-219.2002438164007
-219.08626756919642
-218.97177679626515
-218.85677176648935
-218.7412527499592
-218.62522001797203
-218.50867384303154
-218.39161449884722
-218.27404226033397
-218.15595740361084
-218.0373602060011
-217.9182509460313
-217.7986299034301
-217.67849735912876
-217.55785359525922
-217.43669889515434
-217.31503354334683
-217.19285782556852
-217.07017202875016
-216.9469764410203
-216.82327135170462
-216.69905705132538
-216.57433383160088
-216.44910198544443
-216.32336180696402
-216.19711359146146
-216.07035763543152
-215.94309423656148
-215.81532369373053
-215.68704630700853
-215.55826237765598
-215.42897220812296
-215.2991761020483
-215.16887436425918
-215.0380673007702
-214.90675521878256
-214.77493842668383
-214.64261723404678
-214.50979195162853
-214.3764628913704
-214.2426303663966
-214.10829469101378
-213.9734561807104
-213.83811515215544
-213.70227192319862
-213.56592681286858
-213.42908014137296
-213.29173223009704
-213.15388340160348
-213.01553397963124
-212.87668428909504
-212.73733465608439
-212.5974854078629
-212.4571368728676
-212.31628938070804
-212.17494326216558
-212.03309884919273
-211.890756474912
-211.7479164736157
-211.6045791807645
-211.4607449329871
-211.31641406807933
-211.17158692500323
-211.02626384388657
-210.88044516602156
-210.73413123386456
-210.58732239103477
-210.44001898231397
-210.29222135364523
-210.14392985213246
-209.99514482603934
-209.84586662478858
-209.69609559896116
-209.54583210029543
-209.39507648168635
-209.2438290971845
-209.09209030199565
-208.9398604524794
-208.7871399061488
-208.63392902166902
-208.48022815885702
-208.32603767868042
-208.17135794325677
-208.0161893158525
-207.86053216088231
-207.70438684390825
-207.54775373163864
-207.39063319192746
-207.23302559377368
-207.07493130731984
-206.9163507038515
-206.75728415579636
-206.5977320367234
-206.43769472134198
-206.27717258550084
-206.11616600618765
-205.95467536152734
-205.79270103078193
-205.63024339434938
-205.46730283376263
-205.30387973168874
-205.1399744719282
-204.9755874394137
-204.81071902020932
-204.64536960150986
-204.47953957163963
-204.31322932005168
-204.14643923732672
-203.97916971517282
-203.8114211464235
-203.6431939250375
-203.47448844609778
-203.3053051058104
-203.13564430150353
-202.96550643162703
-202.794891895751
-202.62380109456473
-202.45223442987634
-202.28019230461143
-202.1076751228121
-201.93468328963647
-201.76121721135695
-201.58727729535997
-201.41286395014475
-201.23797758532226
-201.06261861161443
-200.88678744085306
-200.71048448597915
-200.53371016104137
-200.35646488119554
-200.17874906270356
-200.0005631229323
-199.82190748035276
-199.64278255453905
-199.46318876616743
-199.28312653701522
-199.10259628995993
-198.9215984489782
-198.7401334391447
-198.55820168663132
-198.37580361870636
-198.19293966373291
-198.00961025116828
-197.82581581156307
-197.64155677655975
-197.45683357889203
-197.27164665238388
-197.08599643194813
-196.8998833535856
-196.71330785438425
-196.52627037251816
-196.3387713472459
-196.15081121891077
-195.96239042893833
-195.77350941983616
-195.58416863519278
-195.39436851967642
-195.20410951903403
-195.01339208009023
-194.82221665074647
-194.63058367997962
-194.43849361784115
-194.24594691545596
-194.05294402502142
-193.85948539980615
-193.6655714941494
-193.47120276345925
-193.2763796642122
-193.0811026539517
-192.88537219128722
-192.68918873589328
-192.492552748508
-192.2954646909327
-192.0979250260301
-191.8999342177235
-191.7014927309958
-191.50260103188833
-191.30325958749955
-191.10346886598464
-190.90322933655338
-190.70254146946988
-190.501405736051
-190.29982260866558
-190.0977925607331
-189.89531606672244
-189.6923936021514
-189.48902564358482
-189.28521266863387
-189.0809551559548
-188.87625358524787
-188.67110843725615
-188.4655201937648
-188.2594893375992
-188.05301635262438
-187.84610172374363
-187.63874593689752
-187.43094947906246
-187.22271283825035
-187.0140365035063
-186.8049209649082
-186.59536671356548
-186.38537424161788
-186.17494404223424
-185.96407660961137
-185.75277243897315
-185.54103202656896
-185.32885586967274
-185.1162444665817
-184.90319831661537
-184.68971792011405
-184.47580377843832
-184.26145639396697
-184.04667627009638
-183.83146391123944
-183.61581982282374
-183.3997445112912
-183.1832384840961
-182.96630224970477
-182.7489363175933
-182.53114119824733
-182.31291740316024
-182.09426544483227
-181.87518583676908
-181.6556790934809
-181.43574573048093
-181.21538626428426
-180.99460121240668
-180.77339109336364
-180.5517564266686
-180.32969773283236
-180.10721553336134
-179.88431035075672
-179.6609827085129
-179.43723313111653
-179.21306214404518
-178.9884702737658
-178.76345804773462
-178.53802599439408
-178.31217464317322
-178.08590452448556
-177.85921616972814
-177.63211011128018
-177.40458688250214
-177.17664701773387
-176.9482910522939
-176.7195195224779
-176.49033296555743
-176.26073191977895
-176.03071692436197
-175.80028851949874
-175.56944724635196
-175.33819364705403
-175.1065282647058
-174.87445164337504
-174.6419643280954
-174.4090668648653
-174.17575980064598
-173.94204368336088
-173.70791906189405
-173.47338648608877
-173.23844650674656
-173.0030996756259
-172.76734654544043
-172.53118766985816
-172.29462360349996
-172.05765490193824
-171.8202821216958
-171.5825058202443
-171.3443265560034
-171.10574488833862
-170.86676137756086
-170.62737658492466
-170.38759107262706
-170.14740540380586
-169.90682014253926
-169.6658358538433
-169.42445310367145
-169.18267245891286
-168.9404944873912
-168.6979197578632
-168.45494884001727
-168.21158230447276
-167.9678207227775
-167.72366466740758
-167.47911471176513
-167.23417143017764
-166.98883539789608
-166.74310719109417
-166.49698738686632
-166.25047656322675
-166.00357529910792
-165.75628417435925
-165.50860376974572
-165.26053466694688
-165.0120774485546
-164.7632326980727
-164.51400099991474
-164.26438293940328
-164.01437910276826
-163.7639900771453
-163.51321645057524
-163.26205881200164
-163.01051775127007
-162.7585938591266
-162.50628772721635
-162.25359994808196
-162.00053111516291
-161.74708182279312
-161.49325266620002
-161.23904424150336
-160.9844571457135
-160.72949197673012
-160.47414933334062
-160.21842981521945
-159.96233402292557
-159.70586255790198
-159.44901602247376
-159.19179501984684
-158.93420015410663
-158.67623203021674
-158.4178912540172
-158.1591784322232
-157.90009417242368
-157.64063908308003
-157.38081377352438
-157.12061885395832
-156.86005493545179
-156.59912262994098
-156.33782255022732
-156.07615530997597
-155.81412152371445
-155.55172180683087
-155.2889567755732
-155.02582704704693
-154.7623332392142
-154.49847597089217
-154.23425586175156
-153.96967353231517
-153.70472960395676
-153.4394246988991
-153.17375944021262
-152.90773445181424
-152.64135035846556
-152.37460778577164
-152.10750736017917
-151.84004970897587
-151.57223546028786
-151.30406524307887
-151.03553968714863
-150.76665942313141
-150.4974250824944
-150.22783729753672
-149.9578967013871
-149.6876039280031
-149.41695961216925
-149.1459643894958
-148.874618896417
-148.6029237701896
-148.33087964889194
-148.0584871714215
-147.785746977494
-147.5126597076419
-147.23922600321262
-146.96544650636713
-146.69132186007886
-146.4168527081315
-146.14203969511783
-145.86688346643828
-145.59138466829933
-145.31554394771172
-145.0393619524898
-144.76283933124884
-144.48597673340436
-144.2087748091701
-143.93123420955692
-143.653355586371
-143.3751395922121
-143.09658688047296
-142.8176981053365
-142.53847392177502
-142.2589149855487
-141.9790219532037
-141.69879548207075
-141.41823623026414
-141.13734485667916
-140.8561220209913
-140.5745683836545
-140.2926846058995
-140.01047134973254
-139.72792927793333
-139.44505905405438
-139.16186134241835
-138.8783368081171
-138.5944861170102
-138.31030993572307
-138.02580893164537
-137.7409837729302
-137.4558351284914
-137.1703636680027
-136.88457006189586
-136.59845498135937
-136.3120190983364
-136.02526308552416
-135.73818761637105
-135.45079336507592
-135.16308100658637
-134.87505121659694
-134.5867046715478
-134.29804204862273
-134.00906402574842
-133.71977128159173
-133.4301644955588
-133.14024434779333
-132.85001151917493
-132.55946669131737
-132.26861054656771
-131.9774437680036
-131.68596703943237
-131.3941810453893
-131.1020864711359
-130.80968400265846
-130.51697432666626
-130.22395813059043
-129.93063610258156
-129.63700893150852
-129.343077306957
-129.04884191922756
-128.754303459334
-128.4594626190024
-128.16432009066864
-127.86887656747697
-127.5731327432788
-127.27708931263066
-126.98074697079277
-126.6841064137271
-126.38716833809659
-126.08993344126236
-125.79240242128273
-125.49457597691152
-125.19645480759634
-124.89803961347683
-124.59933109538365
-124.30032995483572
-124.00103689403952
-123.70145261588698
-123.401577823954
-123.10141322249864
-122.80095951646001
-122.50021741145562
-122.1991876137807
-121.89787083040581
-121.59626776897579
-121.29437913780754
-120.99220564588865
-120.68974800287614
-120.38700691909389
-120.08398310553153
-119.78067727384283
-119.47709013634369
-119.17322240601061
-118.86907479647957
-118.56464802204331
-118.2599427976504
-117.95495983890328
-117.64969986205674
-117.34416358401603
-117.03835172233528
-116.73226499521621
-116.42590412150565
-116.11926982069431
-115.81236281291524
-115.50518381894172
-115.19773356018574
-114.89001275869693
-114.58202213715961
-114.27376241889212
-113.96523432784468
-113.65643858859778
-113.34737592636037
-113.03804706696873
-112.72845273688382
-112.41859366319021
-112.10847057359425
-111.79808419642234
-111.48743526061912
-111.17652449574584
-110.86535263197904
-110.55392040010798
-110.24222853153358
-109.93027775826651
-109.61806881292546
-109.30560242873531
-108.99287933952601
-108.67990027972992
-108.36666598438065
-108.0531771891113
-107.73943463015257
-107.42543904433127
-107.11119116906818
-106.79669174237705
-106.48194150286201
-106.16694118971631
-105.85169154272054
-105.53619330224086
-105.22044720922698
-104.90445400521136
-104.5882144323062
-104.27172923320248
-103.95499915116804
-103.63802493004584
-103.320807314252
-103.0033470487748
-102.68564487917189
-102.36770155156913
-102.04951781265882
-101.73109440969783
-101.41243209050586
-101.09353160346359
-100.77439369751151
-100.4550191221472
-100.13540862742424
-99.81556296395021
-99.49548288288506
-99.17516913593903
-98.85462247537174
-98.53384365398921
-98.21283342514285
-97.89159254272757
-97.57012176117999
-97.24842183547665
-96.92649352113197
-96.60433757419744
-96.28195475125841
-95.95934580943344
-95.63651150637196
-95.31345260025273
-94.99016984978181
-94.66666401419154
-94.34293585323755
-94.01898612719789
-93.69481559687082
-93.37042502357332
-93.04581516913882
-92.72098679591636
-92.3959406667676
-92.07067754506582
-91.74519819469381
-91.4195033800423
-91.09359386600799
-90.76747041799156
-90.44113380189674
-90.11458478412733
-89.78782413158612
-89.46085261167289
-89.13367099228275
-88.80628004180393
-88.47868052911689
-88.15087322359135
-87.82285889508518
-87.49463831394247
-87.16621225099169
-86.83758147754394
-86.50874676539075
-86.17970888680335
-85.8504686145294
-85.52102672179215
-85.19138398228836
-84.86154117018637
-84.53149906012433
-84.20125842720898
-83.87082004701271
-83.54018469557252
-83.20935314938794
-82.87832618541935
-82.54710458108602
-82.21568911426418
-81.88408056328586
-81.55227970693608
-81.22028732445153
-80.88810419551884
-80.55573110027255
-80.22316881929315
-79.890418133606
-79.55747982467838
-79.22435467441838
-78.89104346517288
-78.55754697972574
-78.22386600129573
-77.8900013135355
-77.55595370052856
-77.22172394678822
-76.8873128372555
-76.55272115729741
-76.21794969270499
-75.88299922969134
-75.54787055489044
-75.21256445535431
-74.87708171855184
-74.5414231323667
-74.20558948509557
-73.86958156544611
-73.53340016253574
-73.19704606588884
-72.86052006543548
-72.5238229515095
-72.18695551484652
-71.84991854658229
-71.5127128382504
-71.17533918178133
-70.83779836949944
-70.50009119412184
-70.16221844875635
-69.82418092689961
-69.48597942243505
-69.14761472963183
-68.80908764314171
-68.47039895799811
-68.13154946961392
-67.79253997377964
-67.45337126666142
-67.11404414479989
-66.7745594051071
-66.43491784486551
-66.09512026172581
-65.75516745370517
-65.41506021918528
-65.07479935691032
-64.73438566598585
-64.39381994587573
-64.05310299640111
-63.71223561773826
-63.37121861041675
-63.03005277531737
-62.68873891367102
-62.34727782705561
-62.00567031739507
-61.66391718695714
-61.32201923835163
-60.97997727452839
-60.63779209877531
-60.29546451471722
-59.95299532631279
-59.61038533785346
-59.267635353961325
-58.924746179587274
-58.58171862000888
-58.238553480829324
-57.89525156797428
-57.551813687690824
-57.20824064654539
-56.864533251421804
-56.52069230951925
-56.176718628351104
-55.83261301574197
-55.488376279826376
-55.14400922904687
-54.799512672152055
-54.454887418194616
-54.11013427652936
-53.76525405681196
-53.42024756899602
-53.075115623331804
-52.729859030364274
-52.38447860093106
-52.03897514616054
-51.69334947747049
-51.34760240656515
-51.00173474543413
-50.655747306350165
-50.309640901867354
-49.96341634481912
-49.61707444831625
-49.27061602574565
-48.92404189076729
-48.5773528573131
-48.230549739584845
-47.88363335205224
-47.53660450945078
-47.1894640267807
-46.842212719303795
-46.494851402542324
-46.14738089227694
-45.799802004544716
-45.452115555637235
-45.10432236209852
-44.756423240723876
-44.40841900855676
-44.06031048288771
-43.712098481252156
-43.36378382142861
-43.01536732143641
-42.666849799534695
-42.318232074219274
-41.96951496422146
-41.62069928850595
-41.271785866268985
-40.9227755169361
-40.57366906016111
-40.22446731582293
-39.875171104024425
-39.525781245090364
-39.176298559565424
-38.826723868212284
-38.4770579920095
-38.12730175215037
-37.77745597003985
-37.427521467293346
-37.077499065734635
-36.72738958739392
-36.37719385450573
-36.02691268950772
-35.67654691503763
-35.32609735393206
-34.975564829224446
-34.624950164142994
-34.27425418210886
-33.92347770673396
-33.572621561819865
-33.22168657135463
-32.87067355951167
-32.51958335064768
-32.16841676930059
-31.817174640187563
-31.465857788203714
-31.11446703841912
-30.76300321607753
-30.411467146594347
-30.05985965555466
-29.70818156871106
-29.356433711982547
-29.004616911451382
-28.652731993361932
-28.30077978411854
-27.948761110283584
-27.596676798575533
-27.244527675866813
-26.892314569182652
-26.540038305697944
-26.18769971273612
-25.83529961776697
-25.482838848404754
-25.13031823240598
-24.77773859766836
-24.425100772227566
-24.072405584256174
-23.719653862061428
-23.36684643408338
-23.013984128892893
-22.661067775189515
-22.308098201800323
-21.955076237676785
-21.602002711893597
-21.248878453646565
-20.895704292250628
-20.54248105713773
-20.189209577855667
-19.835890684064932
-19.482525205537563
-19.12911397215502
-18.77565781390621
-18.42215756088534
-18.06861404329078
-17.71502809142192
-17.36140053567798
-17.007732206555907
-16.654023934648407
-16.30027655064197
-15.946490885314759
-15.59266776953545
-15.238808034260044
-14.884912510530766
-14.53098202947388
-14.17701742229775
-13.82301952029068
-13.468989154819784
-13.114927157327799
-12.760834359331957
-12.406711592421825
-12.05255968825735
-11.698379478566912
-11.344171795145158
-10.989937469851874
-10.635677334608804
-10.2813922213985
-9.927082962262183
-9.572750389297788
-9.218395334657782
-8.864018630548056
-8.509621109224728
-8.15520360299301
-7.800766944205044
-7.44631196525796
-7.091839498591705
-6.737350376687907
-6.382845432066701
-6.02832549728558
-5.673791404937245
-5.319243987647646
-4.964684078074027
-4.610112508902764
-4.255530112848231
-3.900937722649614
-3.5463361710697763
-3.191726290893097
-2.837108914923512
-2.482484875982358
-2.1278550069072373
-1.7732201405488248
-1.4185811097697398
-1.06393874744238
-0.709293886446968
-0.35464735966959454
-5.668155245173609e-14
0.0
0.35464735966936445
0.7092938864467699
1.0639387474422137
1.418581109769606
1.7732201405487231
2.1278550069071676
2.4824848759823204
2.837108914923301
3.1917262908929183
3.5463361710696297
3.900937722649499
4.255530112848148
4.610112508902712
4.9646840780738035
5.319243987647455
5.673791404937084
6.0283254972854525
6.382845432066605
6.737350376687845
7.091839498591675
7.446311965257756
7.800766944204871
8.155203602992868
8.509621109224618
8.86401863054798
9.218395334657739
9.572750389297568
9.927082962261997
10.281392221398342
10.63567733460868
10.989937469851787
11.3441717951451
11.69837947856668
12.052559688257151
12.40671159242166
12.760834359331824
13.114927157327694
13.468989154819713
13.82301952029064
14.177017422297538
14.530982029473698
14.884912510530617
15.238808034259925
15.592667769535362
15.94649088531471
16.300276550641744
16.65402393464821
17.007732206555747
17.361400535677852
17.71502809142182
18.068614043290715
18.4221575608853
18.775657813906008
19.12911397215485
19.48252520553742
19.835890684064818
20.18920957785559
20.542481057137685
20.895704292250414
21.248878453646373
21.602002711893434
21.955076237676654
22.30809820180023
22.66106777518945
23.01398412889266
23.366846434083183
23.71965386206126
24.072405584256032
24.425100772227466
24.777738597668286
25.130318232405937
25.482838848404533
25.835299617766793
26.18769971273597
26.540038305697827
26.892314569182567
27.244527675866756
27.59667679857531
27.948761110283392
28.300779784118376
28.6527319933618
29.004616911451286
29.35643371198248
29.70818156871102
30.05985965555445
30.41146714659417
30.763003216077383
31.114467038419
31.465857788203635
31.817174640187517
32.168416769300364
32.51958335064748
32.87067355951151
33.221686571354496
33.57262156181977
33.923477706733905
34.274254182108635
34.624950164142795
34.97556482922427
35.32609735393193
35.67654691503752
36.02691268950764
36.37719385450568
36.72738958739371
37.07749906573446
37.4275214672932
37.77745597003974
38.127301752150295
38.47705799200944
38.826723868212056
39.17629855956523
39.525781245090215
39.8751711040243
40.224467315822835
40.573669060161045
40.92277551693607
41.27178586626877
41.62069928850578
41.969514964221304
42.31823207421917
42.666849799534624
43.01536732143636
43.36378382142839
43.71209848125197
44.060310482887544
44.408419008556635
44.756423240723784
45.10432236209846
45.45211555563701
45.79980200454452
46.14738089227677
46.49485140254218
46.842212719303674
47.18946402678062
47.53660450945075
47.88363335205203
48.23054973958466
48.57735285731294
48.92404189076717
49.27061602574557
49.6170744483162
49.96341634481891
50.309640901867155
50.65574730635
51.001734745434
51.34760240656506
51.693349477470406
52.0389751461605
52.384478600930876
52.72985903036408
53.07511562333167
53.420247568995904
53.765254056811884
54.11013427652931
54.454887418194396
54.79951267215186
55.144009229046716
55.48837627982625
55.83261301574187
56.176718628351054
56.52069230951922
56.864533251421605
57.20824064654523
57.55181368769068
57.89525156797417
58.23855348082925
58.581718620008836
58.92474617958706
59.267635353961154
59.6103853378533
59.952995326312674
60.295464514717125
60.637792098775265
60.97997727452815
61.32201923835145
61.66391718695699
62.005670317394944
62.34727782705552
62.688738913670946
63.030052775317344
63.37121861041655
63.71223561773809
64.05310299640097
64.39381994587562
64.73438566598577
65.07479935691029
65.41506021918508
65.75516745370498
66.09512026172565
66.43491784486538
66.77455940510703
67.11404414479983
67.4533712666614
67.79253997377944
68.13154946961373
68.47039895799799
68.80908764314162
69.14761472963175
69.48597942243501
69.8241809268994
70.16221844875618
70.5000911941217
70.83779836949932
71.17533918178123
71.51271283825032
71.84991854658207
72.18695551484635
72.52382295150933
72.86052006543537
73.19704606588874
73.53340016253568
73.86958156544605
74.20558948509537
74.54142313236653
74.87708171855171
75.2125644553542
75.54787055489037
75.88299922969128
76.21794969270479
76.55272115729723
76.88731283725535
77.22172394678809
77.55595370052848
77.89000131353544
78.2238660012957
78.55754697972554
78.89104346517271
79.22435467441825
79.5574798246783
79.89041813360592
80.22316881929311
80.55573110027235
80.88810419551868
81.22028732445138
81.55227970693596
81.88408056328578
82.21568911426414
82.54710458108582
82.87832618541917
83.20935314938778
83.54018469557239
83.87082004701261
84.20125842720893
84.53149906012429
84.86154117018617
85.19138398228816
85.52102672179203
85.85046861452929
86.17970888680328
86.5087467653907
86.83758147754371
87.1662122509915
87.49463831394232
87.82285889508503
88.15087322359125
88.47868052911682
88.80628004180389
89.13367099228256
89.46085261167275
89.78782413158599
90.11458478412723
90.44113380189665
90.76747041799149
91.09359386600777
91.41950338004213
91.74519819469367
92.07067754506568
92.39594066676753
92.7209867959163
93.04581516913879
93.37042502357313
93.69481559687068
94.01898612719775
94.34293585323745
94.66666401419147
94.99016984978178
95.3134526002525
95.63651150637176
95.9593458094333
96.28195475125833
96.60433757419734
96.92649352113193
97.24842183547642
97.57012176117982
97.89159254272741
98.21283342514269
98.5338436539891
98.8546224753717
99.175169135939
99.49548288288489
99.81556296395004
100.13540862742411
100.4550191221471
100.77439369751143
101.0935316034635
101.41243209050567
101.73109440969765
102.04951781265868
102.36770155156901
102.6856448791718
103.00334704877477
103.32080731425197
103.63802493004565
103.95499915116788
104.27172923320235
104.5882144323061
104.90445400521129
105.22044720922693
105.53619330224066
105.85169154272037
106.16694118971617
106.4819415028619
106.79669174237696
107.1111911690681
107.42543904433109
107.7394346301524
108.05317718911114
108.36666598438055
108.67990027972982
108.99287933952597
109.30560242873528
109.61806881292527
109.93027775826636
110.24222853153344
110.55392040010787
110.86535263197895
111.17652449574578
111.48743526061894
111.79808419642217
112.10847057359413
112.41859366319011
112.72845273688372
113.03804706696869
113.34737592636036
113.65643858859764
113.96523432784454
114.273762418892
114.58202213715956
114.89001275869684
115.1977335601857
115.50518381894153
115.81236281291504
116.11926982069421
116.42590412150554
116.73226499521616
117.03835172233522
117.34416358401586
117.64969986205654
117.95495983890316
118.25994279765027
118.5646480220432
118.86907479647948
119.17322240601055
119.47709013634349
119.78067727384267
120.08398310553143
120.38700691909379
120.68974800287606
120.99220564588859
121.29437913780731
121.5962677689756
121.89787083040568
122.1991876137806
122.50021741145557
122.80095951645994
123.10141322249859
123.40157782395383
123.70145261588682
124.00103689403942
124.30032995483563
124.59933109538356
124.89803961347681
125.19645480759618
125.49457597691136
125.7924024212826
126.08993344126226
126.38716833809654
126.68410641372708
126.98074697079255
127.2770893126305
127.57313274327865
127.86887656747686
128.16432009066853
128.45946261900235
128.75430345933393
129.04884191922736
129.34307730695684
129.63700893150838
129.93063610258145
130.22395813059038
130.5169743266662
130.8096840026583
131.1020864711357
131.39418104538913
131.68596703943223
131.97744376800352
132.26861054656763
132.55946669131737
132.85001151917476
133.14024434779316
133.43016449555867
133.71977128159165
134.0090640257484
134.29804204862268
134.5867046715476
134.8750512165968
135.16308100658622
135.45079336507584
135.73818761637094
136.02526308552413
136.3120190983364
136.5984549813592
136.88457006189572
137.17036366800258
137.45583512849132
137.74098377293012
138.02580893164534
138.3103099357229
138.59448611701004
138.87833680811698
139.16186134241826
139.44505905405433
139.7279292779333
140.01047134973234
140.29268460589935
140.57456838365437
140.8561220209912
141.13734485667905
141.41823623026403
141.6987954820707
141.97902195320356
142.25891498554853
142.53847392177488
142.81769810533638
143.09658688047287
143.37513959221204
143.65335558637076
143.93123420955678
144.20877480917
144.48597673340421
144.76283933124878
145.03936195248974
145.3155439477117
145.59138466829913
145.86688346643817
146.14203969511777
146.41685270813142
146.6913218600788
146.96544650636707
147.23922600321245
147.51265970764177
147.78574697749386
148.05848717142135
148.33087964889185
148.60292377018956
148.8746188964168
149.14596438949565
149.41695961216914
149.68760392800303
149.95789670138703
150.22783729753664
150.49742508249437
150.76665942313127
151.03553968714846
151.30406524307875
151.57223546028777
151.8400497089758
152.10750736017917
152.37460778577145
152.64135035846542
152.9077344518141
153.17375944021256
153.43942469889902
153.70472960395674
153.96967353231514
154.23425586175142
154.49847597089203
154.76233323921412
155.02582704704685
155.28895677557313
155.55172180683084
155.81412152371428
156.07615530997586
156.33782255022717
156.59912262994087
156.8600549354517
157.12061885395826
157.3808137735242
157.64063908307986
157.9000941724236
158.1591784322231
158.4178912540171
158.67623203021668
158.93420015410658
159.19179501984667
159.4490160224736
159.70586255790187
159.96233402292552
160.21842981521937
160.47414933334053
160.72949197672992
160.98445714571335
161.23904424150325
161.49325266619994
161.74708182279304
162.0005311151629
162.25359994808196
162.50628772721618
162.75859385912645
163.01051775127
163.26205881200156
163.51321645057521
163.76399007714528
164.01437910276806
164.2643829394032
164.5140009999146
164.7632326980726
165.01207744855455
165.2605346669468
165.50860376974572
165.7562841743591
166.00357529910775
166.25047656322664
166.49698738686627
166.7431071910941
166.98883539789603
167.23417143017753
167.47911471176502
167.72366466740746
167.96782072277745
168.2115823044727
168.45494884001724
168.69791975786302
168.94049448739105
169.18267245891278
169.42445310367137
169.66583585384325
169.90682014253917
170.14740540380586
170.3875910726269
170.6273765849246
170.86676137756075
171.10574488833853
171.34432655600327
171.58250582024428
171.8202821216957
172.05765490193812
172.29462360349982
172.53118766985807
172.76734654544038
173.0030996756259
173.23844650674656
173.47338648608866
173.7079190618939
173.94204368336082
174.17575980064595
174.40906686486525
174.64196432809538
174.87445164337493
175.10652826470564
175.33819364705397
175.56944724635187
175.8002885194987
176.03071692436194
176.2607319197788
176.49033296555731
176.71951952247778
176.94829105229383
177.17664701773384
177.40458688250203
177.63211011128013
177.85921616972803
178.08590452448544
178.31217464317314
178.53802599439402
178.7634580477345
178.9884702737658
179.21306214404504
179.43723313111641
179.66098270851282
179.88431035075664
180.10721553336134
180.3296977328323
180.55175642666853
180.77339109336353
180.99460121240662
181.21538626428412
181.43574573048085
181.65567909348084
181.87518583676902
182.09426544483216
182.31291740316013
182.5311411982472
182.74893631759323
182.96630224970468
183.18323848409608
183.3997445112911
183.61581982282365
183.83146391123933
184.04667627009636
184.2614563939669
184.47580377843826
184.68971792011405
184.90319831661523
185.1162444665816
185.32885586967265
185.54103202656893
185.75277243897312
185.9640766096113
186.17494404223407
186.38537424161777
186.5953667135654
186.80492096490815
187.01403650350622
187.22271283825032
187.43094947906246
187.6387459368974
187.84610172374352
188.05301635262433
188.25948933759918
188.46552019376477
188.67110843725612
188.87625358524772
189.08095515595468
189.2852126686338
189.48902564358477
189.6923936021514
189.89531606672242
190.09779256073296
190.29982260866552
190.50140573605094
190.7025414694698
190.90322933655332
191.10346886598458
191.30325958749955
191.50260103188822
191.70149273099568
191.89993421772343
192.09792502603003
192.29546469093268
192.49255274850796
192.6891887358931
192.8853721912871
193.08110265395163
193.27637966421213
193.47120276345925
193.66557149414933
193.85948539980615
194.05294402502125
194.24594691545582
194.438493617841
194.63058367997957
194.82221665074638
195.01339208009017
195.20410951903386
195.39436851967633
195.58416863519267
195.7735094198361
195.96239042893825
196.15081121891075
196.3387713472459
196.52627037251798
196.71330785438414
196.8998833535855
197.08599643194805
197.27164665238388
197.45683357889203
197.64155677655964
197.82581581156293
198.00961025116823
198.19293966373283
198.37580361870636
198.55820168663132
198.74013343914459
198.92159844897805
199.10259628995982
199.28312653701516
199.46318876616743
199.642782554539
199.82190748035265
200.00056312293225
200.17874906270345
200.35646488119545
200.53371016104128
200.71048448597907
200.88678744085306
201.06261861161434
201.2379775853221
201.41286395014464
201.5872772953599
201.76121721135695
201.93468328963644
202.1076751228121
202.28019230461135
202.45223442987623
202.6238010945646
202.79489189575088
202.96550643162703
203.13564430150348
203.30530510581025
203.47448844609767
203.64319392503745
203.8114211464234
203.97916971517276
204.14643923732672
204.31322932005156
204.47953957163952
204.64536960150977
204.81071902020926
204.97558743941363
205.13997447192816
205.30387973168865
205.46730283376257
205.63024339434935
205.79270103078187
205.95467536152728
206.11616600618754
206.27717258550084
206.4376947213419
206.5977320367233
206.75728415579627
206.91635070385144
207.0749313073198
207.23302559377368
207.39063319192746
207.54775373163855
207.70438684390817
207.86053216088231
208.01618931585247
208.17135794325674
208.3260376786804
208.48022815885696
208.6339290216689
208.78713990614872
208.9398604524794
209.09209030199554
209.24382909718446
209.3950764816862
209.54583210029529
209.69609559896108
209.84586662478853
209.99514482603928
210.14392985213243
210.29222135364517
210.44001898231394
210.58732239103472
210.73413123386445
210.8804451660215
211.0262638438865
211.17158692500317
211.3164140680792
211.460744932987
211.6045791807644
211.74791647361565
211.89075647491197
212.03309884919264
212.1749432621655
212.31628938070796
212.45713687286758
212.59748540786282
212.73733465608436
212.87668428909504
213.0155339796312
213.1538834016034
213.29173223009695
213.42908014137288
213.56592681286858
213.7022719231985
213.83811515215544
213.97345618071026
214.10829469101367
214.24263036639655
214.37646289137035
214.50979195162853
214.64261723404672
214.77493842668383
214.9067552187825
215.03806730077008
215.16887436425912
215.29917610204828
215.42897220812293
215.55826237765598
215.68704630700847
215.81532369373048
215.94309423656142
216.07035763543144
216.1971135914614
216.32336180696402
216.44910198544443
216.57433383160082
216.69905705132533
216.8232713517046
216.94697644102027
217.07017202875016
217.19285782556847
217.31503354334674
217.43669889515428
217.5578535952592
217.6784973591287
217.7986299034301
217.9182509460312
218.0373602060011
218.1559574036108
218.27404226033389
218.39161449884722
218.50867384303146
218.62522001797203
218.7412527499592
218.85677176648932
218.97177679626503
219.0862675691963
219.20024381640062
219.313705270204
219.42665166414127
219.539082732957
219.65099821260608
219.7623978402541
219.8732813542782
219.98364849426767
220.09349900102438
220.20283261656377
220.3116490841149
220.41994814812142
220.52772955424226
220.63499304935203
220.74173838154155
220.84796530011863
220.95367355560865
221.05886289975479
221.16353308551925
221.2676838670833
221.37131499984798
221.47442624043492
221.57701734668655
221.67908807766685
221.780638193662
221.88166745618082
221.98217562795526
222.08216247294126
222.18162775631882
222.28057124449305
222.37899270509442
222.47689190697946
222.57426862023107
222.67112261615938
222.7674536673021
222.863261547425
222.95854603152247
223.05330689581828
223.14754391776583
223.24125687604885
223.33444555058162
223.4271097225099
223.5192491742112
223.6108636892954
223.70195305260495
223.79251705021602
223.88255546943827
223.97206809881584
224.06105472812754
224.1495151483878
224.23744915184653
224.32485653199015
224.41173708354174
224.49809060246164
224.58391688594799
224.66921573243724
224.75398694160424
224.83823031436324
224.92194565286815
225.00513276051277
225.08779144193153
225.169921503
225.2515227508351
225.33259499379562
225.4131380414829
225.49315170474088
225.572635795657
225.65159012756217
225.73001451503163
225.8079087738851
225.88527272118733
225.96210617524852
226.0384089556247
226.1141808831183
226.18942177977829
226.26413146890098
226.33830977503004
226.41195652395712
226.48507154272235
226.55765465961457
226.62970570417178
226.7012245071815
226.7722109006814
226.84266471795934
226.91258579355403
226.98197396325526
227.05082906410445
227.11915093439492
227.18693941367218
227.25419434273448
227.32091556363312
227.38710291967286
227.45275625541217
227.51787541666374
227.5824602504947
227.6465106052271
227.71002633043815
227.77300727696087
227.83545329688377
227.89736424355218
227.95873997156764
228.0195803367888
228.07988519633162
228.13965440856967
228.19888783313456
228.25758533091616
228.3157467640629
228.37337199598232
228.43046089134094
228.48701331606526
228.54302913734145
228.59850822361588
228.6534504445956
228.70785567124827
228.76172377580286
228.81505463174972
228.867848113841
228.92010409809075
228.9718224617755
229.02300308343416
229.0736458428687
229.1237506211442
229.1733173005893
229.22234576479622
229.27083589862133
229.31878758818505
229.36620072087257
229.4130751853338
229.4594108714837
229.50520767050256
229.55046547483624
229.59518417819646
229.63936367556101
229.68300386317406
229.72610463854625
229.76866590045515
229.81068754894522
229.85216948532837
229.893111612184
229.93351383335914
229.9733760539689
230.01269818039663
230.05148012029395
230.08972178258117
230.12742307744753
230.1645839163512
230.20120421201972
230.23728387845
230.27282283090875
230.30782098593235
230.34227826132752
230.37619457617097
230.40956985081016
230.44240400686277
230.47469696721765
230.50644865603462
230.53765899874452
230.56832792204966
230.59845535392384
230.62804122361248
230.65708546163307
230.68558799977495
230.7135487710997
230.74096770994123
230.7678447519059
230.79417983387293
230.81997289399408
230.84522387169415
230.86993270767107
230.89409934389596
230.91772372361322
230.9408057913409
230.9633454928706
230.9853427752676
231.00679758687113
231.02770987729448
231.0480795974249
231.067906699424
231.0871911367276
231.10593286404614
231.12413183736447
231.1417880139423
231.1589013523138
231.17547181228824
231.19149935494983
231.20698394265767
231.22192553904614
231.23632410902474
231.25017961877842
231.2634920357674
231.27626132872723
231.28848746766926
231.3001704238803
231.31131016992276
231.32190667963496
231.33195992813086
231.34146989180033
231.35043654830923
231.35885987659924
231.36673985688807
231.3740764706696
231.38086970071367
231.3871195310664
231.39282594704997
231.39798893526284
231.40260848357968
231.40668458115147
231.41021721840542
231.41320638704514
231.41565208005056
231.4175542916779
231.4189130174599
231.41972825420544
231.42000000000002
231.41972825420544
231.4189130174599
231.4175542916779
231.41565208005056
231.41320638704514
231.41021721840542
231.40668458115147
231.40260848357968
231.39798893526284
231.39282594704997
231.3871195310664
231.38086970071367
231.3740764706696
231.36673985688807
231.35885987659924
231.35043654830923
231.34146989180033
231.33195992813086
231.32190667963496
231.31131016992276
231.3001704238803
231.28848746766926
231.27626132872723
231.2634920357674
231.25017961877842
231.23632410902474
231.22192553904614
231.2069839426577
231.19149935494983
231.17547181228824
231.1589013523138
231.1417880139423
231.12413183736447
231.10593286404614
231.0871911367276
231.067906699424
231.0480795974249
231.02770987729448
231.00679758687116
230.9853427752676
230.9633454928706
230.9408057913409
230.91772372361322
230.89409934389596
230.8699327076711
230.84522387169415
230.81997289399408
230.79417983387293
230.76784475190595
230.74096770994123
230.7135487710997
230.68558799977498
230.65708546163307
230.6280412236125
230.59845535392384
230.5683279220497
230.53765899874452
230.50644865603465
230.4746969672177
230.4424040068628
230.40956985081016
230.37619457617097
230.34227826132752
230.30782098593235
230.27282283090875
230.23728387845
230.20120421201972
230.1645839163512
230.12742307744753
230.0897217825812
230.05148012029395
230.01269818039663
229.97337605396893
229.93351383335914
229.89311161218404
229.85216948532843
229.81068754894522
229.76866590045515
229.7261046385463
229.68300386317406
229.63936367556101
229.59518417819646
229.55046547483624
229.50520767050256
229.4594108714837
229.4130751853338
229.36620072087257
229.31878758818505
229.27083589862133
229.22234576479627
229.1733173005893
229.1237506211442
229.0736458428687
229.02300308343416
228.9718224617755
228.92010409809075
228.86784811384103
228.81505463174977
228.76172377580286
228.70785567124827
228.6534504445956
228.59850822361588
228.54302913734148
228.48701331606526
228.430460891341
228.37337199598232
228.3157467640629
228.25758533091616
228.19888783313456
228.13965440856967
228.07988519633162
228.0195803367888
227.95873997156764
227.89736424355218
227.83545329688383
227.77300727696087
227.71002633043815
227.6465106052271
227.5824602504947
227.51787541666374
227.45275625541217
227.38710291967286
227.32091556363312
227.25419434273448
227.18693941367218
227.11915093439492
227.05082906410445
226.9819739632553
226.91258579355403
226.84266471795934
226.7722109006814
226.70122450718156
226.62970570417178
226.5576546596146
226.48507154272235
226.41195652395712
226.33830977503004
226.264131468901
226.18942177977834
226.1141808831183
226.0384089556247
225.96210617524852
225.88527272118733
225.8079087738851
225.73001451503163
225.65159012756217
225.572635795657
225.4931517047409
225.4131380414829
225.33259499379562
225.2515227508351
225.169921503
225.08779144193153
225.00513276051277
224.92194565286815
224.83823031436327
224.75398694160424
224.66921573243724
224.58391688594799
224.49809060246164
224.41173708354174
224.32485653199015
224.23744915184653
224.1495151483878
224.06105472812754
223.97206809881584
223.88255546943827
223.79251705021602
223.701953052605
223.6108636892954
223.51924917421127
223.4271097225099
223.33444555058162
223.24125687604885
223.14754391776586
223.0533068958183
222.95854603152247
222.863261547425
222.76745366730214
222.67112261615944
222.57426862023107
222.4768919069795
222.37899270509445
222.28057124449307
222.18162775631882
222.08216247294126
221.98217562795531
221.88166745618082
221.78063819366204
221.6790880776669
221.5770173466866
221.47442624043492
221.3713149998481
221.2676838670833
221.1635330855193
221.05886289975479
220.95367355560865
220.8479653001187
220.74173838154155
220.6349930493521
220.52772955424228
220.41994814812142
220.3116490841149
220.20283261656377
220.09349900102444
219.9836484942677
219.8732813542782
219.7623978402541
219.65099821260608
219.539082732957
219.42665166414133
219.31370527020403
219.2002438164007
219.08626756919637
218.9717767962651
218.85677176648932
218.7412527499592
218.62522001797203
218.50867384303154
218.39161449884722
218.27404226033389
218.1559574036108
218.03736020600115
217.9182509460313
217.7986299034301
217.67849735912876
217.55785359525922
217.43669889515428
217.31503354334674
217.19285782556852
217.07017202875016
216.94697644102027
216.82327135170462
216.69905705132533
216.57433383160082
216.44910198544446
216.32336180696402
216.19711359146146
216.07035763543152
215.94309423656148
215.81532369373048
215.68704630700847
215.55826237765598
215.42897220812293
215.29917610204828
215.16887436425918
215.03806730077008
214.90675521878256
214.77493842668383
214.64261723404678
214.50979195162853
214.3764628913704
214.24263036639655
214.10829469101378
213.9734561807103
213.83811515215544
213.70227192319862
213.56592681286858
213.42908014137288
213.291732230097
213.1538834016034
213.01553397963124
212.87668428909504
212.73733465608436
212.59748540786285
212.45713687286758
212.31628938070799
212.17494326216558
212.03309884919273
211.890756474912
211.74791647361565
211.6045791807644
211.46074493298704
211.31641406807927
211.17158692500323
211.0262638438865
210.88044516602156
210.7341312338645
210.58732239103475
210.44001898231394
210.2922213536453
210.14392985213246
209.99514482603934
209.84586662478858
209.69609559896108
209.5458321002954
209.39507648168626
209.2438290971845
209.09209030199565
208.9398604524794
208.78713990614872
208.63392902166896
208.480228158857
208.32603767868042
208.17135794325674
208.01618931585247
207.86053216088231
207.70438684390817
207.54775373163858
207.39063319192755
207.23302559377368
207.0749313073198
206.91635070385144
206.75728415579627
206.59773203672336
206.4376947213419
206.27717258550084
206.11616600618765
205.95467536152734
205.79270103078187
205.63024339434938
205.4673028337626
205.30387973168874
205.1399744719282
204.97558743941363
204.81071902020932
204.6453696015098
204.47953957163958
204.31322932005156
204.14643923732672
203.97916971517282
203.81142114642347
203.64319392503745
203.47448844609775
203.3053051058103
203.13564430150348
202.96550643162703
202.79489189575094
202.62380109456473
202.45223442987634
202.28019230461143
202.10767512281217
201.93468328963647
201.76121721135695
201.5872772953599
201.41286395014464
201.23797758532214
201.06261861161437
200.88678744085306
200.71048448597912
200.53371016104137
200.35646488119545
200.1787490627035
200.00056312293225
199.82190748035276
199.642782554539
199.46318876616743
199.28312653701522
199.10259628995988
198.9215984489781
198.74013343914464
198.55820168663132
198.37580361870636
198.19293966373291
198.00961025116825
197.82581581156296
197.6415567765597
197.45683357889203
197.27164665238388
197.08599643194813
196.8998833535856
196.7133078543842
196.52627037251807
196.338771347246
196.15081121891077
195.9623904289383
195.77350941983616
195.58416863519273
195.39436851967633
195.20410951903398
195.01339208009023
194.82221665074644
194.63058367997962
194.438493617841
194.24594691545587
194.05294402502136
193.85948539980618
193.6655714941494
193.47120276345925
193.2763796642122
193.08110265395163
192.8853721912871
192.6891887358932
192.492552748508
192.2954646909327
192.0979250260301
191.89993421772346
191.70149273099574
191.50260103188825
191.3032595874996
191.10346886598464
190.90322933655338
190.70254146946988
190.50140573605094
190.29982260866552
190.097792560733
189.89531606672242
189.6923936021514
189.48902564358482
189.2852126686338
189.0809551559547
188.8762535852478
188.67110843725612
188.4655201937648
188.2594893375992
188.05301635262435
187.84610172374354
187.6387459368974
187.43094947906252
187.22271283825032
187.01403650350625
186.80492096490818
186.5953667135654
186.3853742416178
186.17494404223416
185.9640766096113
185.75277243897315
185.54103202656896
185.32885586967265
185.11624446658163
184.90319831661532
184.68971792011416
184.47580377843832
184.26145639396694
184.04667627009638
183.83146391123935
183.61581982282365
183.39974451129112
183.18323848409608
182.96630224970468
182.7489363175933
182.53114119824724
182.31291740316016
182.0942654448322
181.87518583676902
181.6556790934809
181.43574573048093
181.21538626428423
180.99460121240662
180.77339109336359
180.55175642666862
180.3296977328323
180.10721553336134
179.88431035075672
179.66098270851282
179.4372331311165
179.21306214404507
178.9884702737658
178.76345804773462
178.53802599439408
178.31217464317314
178.08590452448547
177.85921616972806
177.6321101112802
177.40458688250212
177.17664701773384
176.9482910522939
176.7195195224778
176.4903329655574
176.26073191977886
176.03071692436197
175.80028851949874
175.56944724635196
175.33819364705397
175.10652826470573
174.87445164337498
174.64196432809538
174.4090668648653
174.17575980064598
173.94204368336088
173.70791906189396
173.4733864860887
173.2384465067466
173.0030996756259
172.76734654544043
172.53118766985816
172.29462360349987
172.0576549019382
171.82028212169578
171.58250582024428
171.34432655600335
171.1057448883386
170.86676137756075
170.6273765849246
170.38759107262698
170.14740540380592
169.90682014253926
169.6658358538433
169.42445310367142
169.18267245891278
168.9404944873911
168.6979197578631
168.45494884001727
168.2115823044727
167.9678207227775
167.7236646674075
167.47911471176505
167.23417143017755
166.98883539789608
166.74310719109417
166.4969873868663
166.25047656322673
166.00357529910784
165.75628417435917
165.5086037697458
165.2605346669468
165.0120774485546
164.7632326980727
164.5140009999146
164.26438293940322
164.01437910276815
163.7639900771453
163.51321645057521
163.2620588120016
163.01051775127007
162.7585938591265
162.50628772721626
162.253599948082
162.00053111516291
161.74708182279312
161.49325266620002
161.2390442415033
160.98445714571344
160.72949197672997
160.4741493333406
160.2184298152194
159.96233402292557
159.7058625579019
159.44901602247364
159.19179501984678
158.93420015410666
158.6762320302167
158.41789125401715
158.15917843222314
157.9000941724236
157.64063908307992
157.38081377352427
157.12061885395826
156.86005493545179
156.59912262994095
156.33782255022717
156.0761553099759
155.81412152371436
155.55172180683084
155.28895677557318
155.02582704704693
154.76233323921417
154.49847597089206
154.23425586175145
153.9696735323152
153.70472960395676
153.43942469889907
153.17375944021262
152.90773445181418
152.64135035846547
152.3746077857715
152.10750736017917
151.84004970897587
151.57223546028783
151.30406524307878
151.03553968714854
150.76665942313133
150.49742508249446
150.22783729753667
149.95789670138709
149.68760392800306
149.41695961216914
149.1459643894957
148.87461889641688
148.6029237701896
148.3308796488919
148.05848717142146
147.78574697749391
147.5126597076418
147.23922600321254
146.9654465063671
146.69132186007886
146.41685270813147
146.14203969511783
145.8668834664382
145.5913846682992
145.31554394771177
145.03936195248977
144.7628393312488
144.4859767334043
144.20877480917
143.93123420955683
143.65335558637088
143.37513959221204
143.09658688047293
142.81769810533646
142.5384739217749
142.25891498554859
141.97902195320358
141.69879548207078
141.4182362302641
141.13734485667914
140.85612202099128
140.57456838365437
140.2926846058994
140.01047134973243
139.72792927793333
139.44505905405438
139.1618613424183
138.878336808117
138.59448611701006
138.31030993572296
138.02580893164534
137.74098377293018
137.4558351284914
137.17036366800266
136.88457006189577
136.59845498135928
136.31201909833652
136.02526308552416
135.73818761637102
135.4507933650759
135.16308100658622
134.87505121659683
134.5867046715477
134.29804204862273
134.00906402574842
133.71977128159173
133.43016449555867
133.1402443477932
132.85001151917476
132.55946669131743
132.26861054656771
131.97744376800358
131.68596703943234
131.39418104538913
131.10208647113578
130.80968400265834
130.51697432666626
130.22395813059043
129.9306361025815
129.63700893150843
129.3430773069569
129.0488419192274
128.75430345933404
128.4594626190024
128.16432009066858
127.86887656747697
127.57313274327868
127.27708931263057
126.98074697079267
126.68410641372708
126.38716833809659
126.08993344126233
125.79240242128262
125.49457597691139
125.19645480759625
124.89803961347683
124.59933109538363
124.30032995483572
124.00103689403946
123.70145261588686
123.4015778239539
123.10141322249872
122.80095951645994
122.50021741145562
122.19918761378068
121.89787083040572
121.59626776897565
121.2943791378074
120.99220564588862
120.68974800287613
120.38700691909388
120.08398310553144
119.78067727384268
119.47709013634356
119.17322240601064
118.86907479647955
118.56464802204329
118.25994279765035
117.95495983890316
117.6496998620566
117.34416358401594
117.03835172233525
116.73226499521621
116.42590412150562
116.11926982069423
115.81236281291511
115.50518381894159
115.19773356018572
114.89001275869688
114.58202213715958
114.27376241889212
113.96523432784458
113.65643858859768
113.34737592636044
113.03804706696873
112.72845273688378
112.4185936631902
112.10847057359413
111.7980841964222
111.48743526061902
111.17652449574581
110.86535263197902
110.55392040010796
110.24222853153348
109.93027775826641
109.61806881292534
109.30560242873538
108.99287933952601
108.6799002797299
108.36666598438063
108.05317718911115
107.73943463015246
107.42543904433117
107.11119116906812
106.79669174237702
106.48194150286199
106.1669411897162
105.85169154272043
105.53619330224072
105.22044720922693
104.90445400521136
104.58821443230619
104.27172923320244
103.95499915116793
103.63802493004572
103.32080731425208
103.00334704877477
102.68564487917186
102.36770155156913
102.0495178126587
101.73109440969773
101.41243209050576
101.09353160346356
100.7743936975115
100.45501912214719
100.13540862742411
99.81556296395009
99.49548288288494
99.17516913593911
98.85462247537171
98.53384365398915
98.2128334251428
97.89159254272747
97.57012176117989
97.24842183547653
96.92649352113197
96.60433757419742
96.2819547512584
95.95934580943332
95.63651150637182
95.31345260025259
94.99016984978178
94.66666401419151
94.34293585323753
94.01898612719788
93.69481559687071
93.37042502357322
93.04581516913888
92.72098679591633
92.39594066676759
92.07067754506579
91.7451981946937
91.4195033800422
91.09359386600786
90.76747041799153
90.44113380189673
90.11458478412729
89.78782413158599
89.46085261167278
89.13367099228265
88.80628004180399
88.47868052911684
88.15087322359133
87.82285889508513
87.49463831394235
87.16621225099156
86.83758147754381
86.50874676539071
86.17970888680334
85.85046861452939
85.52102672179204
85.19138398228822
84.86154117018623
84.53149906012442
84.20125842720897
83.8708200470127
83.54018469557246
83.20935314938784
82.87832618541924
82.5471045810859
82.21568911426415
81.88408056328586
81.55227970693603
81.22028732445142
80.88810419551874
80.55573110027245
80.22316881929314
79.89041813360598
79.55747982467835
79.22435467441835
78.89104346517276
78.55754697972561
78.2238660012958
77.89000131353548
77.55595370052853
77.22172394678817
76.88731283725538
76.55272115729728
76.21794969270486
75.88299922969131
75.54787055489042
75.2125644553543
74.87708171855172
74.54142313236657
74.20558948509546
73.86958156544617
73.5334001625357
73.19704606588883
72.86052006543545
72.52382295150937
72.18695551484642
71.84991854658216
71.51271283825035
71.17533918178128
70.83779836949941
70.50009119412171
70.16221844875622
69.82418092689949
69.48597942243504
69.1476147296318
68.80908764314171
68.4703989579981
68.13154946961379
67.7925399737795
67.45337126666149
67.11404414479988
66.77455940510708
66.43491784486547
66.09512026172568
65.75516745370504
65.41506021918516
65.0747993569103
64.73438566598583
64.39381994587572
64.053102996401
63.71223561773814
63.37121861041663
63.03005277531744
62.68873891367099
62.34727782705558
62.00567031739503
61.66391718695702
61.3220192383515
60.97997727452827
60.63779209877528
60.29546451471718
59.95299532631277
59.610385337853316
59.2676353539612
58.924746179587146
58.58171862000886
58.23855348082931
57.89525156797424
57.551813687690796
57.20824064654526
56.864533251421676
56.52069230951931
56.1767186283511
55.83261301574193
55.48837627982633
55.144009229046745
54.79951267215192
54.45488741819449
54.11013427652932
53.765254056811955
53.420247568996
53.075115623331676
52.72985903036414
52.38447860093095
52.038975146160595
51.69334947747045
51.34760240656513
51.00173474543409
50.655747306350044
50.309640901867226
49.96341634481901
49.61707444831623
49.27061602574563
48.924041890767256
48.57735285731296
48.23054973958472
47.8836333520521
47.536604509450754
47.18946402678067
46.84221271930375
46.494851402542295
46.147380892276814
45.79980200454459
45.45211555563711
45.1043223620985
44.75642324072385
44.408419008556734
44.06031048288759
43.71209848125203
43.363783821428484
43.01536732143637
42.666849799534674
42.318232074219246
41.969514964221425
41.62069928850582
41.27178586626885
40.92277551693618
40.573669060161095
40.2244673158229
39.87517110402441
39.52578124509024
39.176298559565296
38.826723868212156
38.47705799200947
38.12730175215036
37.77745597003984
37.42752146729322
37.0774990657345
36.72738958739379
36.3771938545058
36.0269126895077
35.67654691503759
35.32609735393205
34.97556482922432
34.62495016414287
34.274254182108734
33.92347770673394
33.57262156181984
33.221686571354596
32.870673559511545
32.51958335064754
32.168416769300464
31.81717464018753
31.4658577882037
31.114467038419086
30.7630032160775
30.411467146594227
30.059859655554536
29.708181568711133
29.35643371198252
29.00461691145135
28.652731993361904
28.30077978411841
27.948761110283456
27.596676798575405
27.244527675866784
26.892314569182616
26.540038305697912
26.187699712735984
25.835299617766843
25.482838848404615
25.130318232406054
24.777738597668332
24.42510077222754
24.072405584256146
23.7196538620613
23.36684643408325
23.013984128892766
22.661067775189483
22.30809820180029
21.955076237676753
21.602002711893466
21.248878453646434
20.8957042922505
20.5424810571377
20.189209577855642
19.835890684064903
19.482525205537538
19.12911397215489
18.77565781390608
18.422157560885413
18.068614043290758
17.715028091421892
17.36140053567795
17.00773220655578
16.654023934648276
16.300276550641843
15.946490885314732
15.592667769535417
15.238808034260018
14.884912510530636
14.530982029473748
14.17701742229762
13.823019520290755
13.468989154819756
13.114927157327768
12.760834359331927
12.406711592421692
12.052559688257219
11.698379478566782
11.344171795145128
10.989937469851846
10.635677334608772
10.281392221398367
9.927082962262052
9.572750389297656
9.218395334657753
8.864018630548028
8.5096211092247
8.15520360299298
7.800766944204914
7.446311965257831
7.09183949859178
6.737350376687879
6.3828454320666745
6.028325497285551
5.673791404937115
5.319243987647516
4.964684078073896
4.610112508902736
4.255530112848202
3.9009377226495863
3.5463361710696457
3.1917262908929662
2.8371089149233812
2.4824848759824327
2.127855006907209
1.7732201405487968
1.4185811097697112
1.063938747442249
0.709293886446837
0.3546473596694634
2.8340776225868044e-14
-0.35464735966930394
-0.7092938864466773
-1.0639387474421922
-1.4185811097695522
-1.7732201405486374
-2.1278550069070494
-2.4824848759822733
-2.8371089149232214
-3.1917262908928064
-3.546336171069589
-3.900937722649427
-4.255530112848043
-4.610112508902679
-4.964684078073738
-5.319243987647356
-5.673791404937058
-6.028325497285392
-6.382845432066514
-6.737350376687823
-7.09183949859162
-7.446311965257671
-7.800766944204755
-8.15520360299282
-8.509621109224543
-8.864018630547868
-9.218395334657696
-9.572750389297498
-9.927082962261895
-10.28139222139831
-10.635677334608616
-10.989937469851688
-11.344171795145073
-11.69837947856662
-12.052559688257059
-12.406711592421637
-12.760834359331767
-13.11492715732761
-13.468989154819598
-13.823019520290595
-14.17701742229746
-14.530982029473591
-14.88491251053058
-15.238808034259854
-15.592667769535264
-15.946490885314677
-16.300276550641676
-16.654023934648112
-17.007732206555723
-17.361400535677795
-17.71502809142173
-18.068614043290694
-18.422157560885253
-18.775657813905923
-19.129113972154734
-19.482525205537378
-19.835890684064744
-20.18920957785548
-20.542481057137646
-20.89570429225034
-21.24887845364627
-21.60200271189341
-21.955076237676593
-22.30809820180013
-22.661067775189434
-23.013984128892606
-23.366846434083087
-23.719653862061243
-24.072405584255986
-24.42510077222738
-24.777738597668176
-25.130318232405898
-25.482838848404462
-25.83529961776668
-26.18769971273593
-26.540038305697756
-26.892314569182464
-27.244527675866724
-27.596676798575245
-27.948761110283296
-28.300779784118355
-28.652731993361748
-29.004616911451194
-29.35643371198247
-29.708181568710973
-30.05985965555437
-30.41146714659406
-30.763003216077337
-31.11446703841893
-31.465857788203536
-31.81717464018748
-32.16841676930031
-32.51958335064739
-32.87067355951149
-33.22168657135444
-33.57262156181967
-33.92347770673388
-34.27425418210858
-34.6249501641427
-34.97556482922427
-35.326097353931885
-35.676546915037434
-36.02691268950753
-36.37719385450564
-36.72738958739363
-37.07749906573435
-37.42752146729317
-37.77745597003967
-38.127301752150196
-38.47705799200942
-38.826723868212
-39.17629855956514
-39.52578124509019
-39.87517110402425
-40.22446731582274
-40.57366906016103
-40.92277551693602
-41.2717858662687
-41.62069928850566
-41.96951496422126
-42.3182320742191
-42.66684979953452
-43.015367321436315
-43.36378382142832
-43.71209848125188
-44.060310482887516
-44.40841900855658
-44.7564232407237
-45.10432236209844
-45.452115555636965
-45.799802004544425
-46.14738089227666
-46.494851402542146
-46.842212719303596
-47.18946402678052
-47.53660450945071
-47.883633352051945
-48.23054973958456
-48.5773528573129
-48.924041890767114
-49.27061602574547
-49.617074448316174
-49.963416344818846
-50.30964090186706
-50.65574730634998
-51.00173474543395
-51.347602406564974
-51.693349477470285
-52.03897514616045
-52.38447860093079
-52.72985903036398
-53.07511562333163
-53.42024756899583
-53.76525405681179
-54.11013427652928
-54.454887418194346
-54.799512672151764
-55.14400922904669
-55.488376279826184
-55.83261301574177
-56.176718628351026
-56.52069230951916
-56.86453325142152
-57.20824064654511
-57.55181368769065
-57.8952515679741
-58.238553480829154
-58.5817186200088
-58.924746179587004
-59.26763535396104
-59.61038533785327
-59.9529953263126
-60.29546451471704
-60.63779209877522
-60.97997727452811
-61.32201923835136
-61.663917186956965
-62.00567031739488
-62.34727782705542
-62.68873891367083
-63.030052775317294
-63.371218610416484
-63.71223561773799
-64.05310299640092
-64.39381994587556
-64.73438566598566
-65.07479935691025
-65.41506021918502
-65.75516745370489
-66.09512026172564
-66.43491784486532
-66.77455940510693
-67.1140441447998
-67.45337126666135
-67.79253997377937
-68.13154946961363
-68.47039895799794
-68.80908764314154
-69.14761472963164
-69.48597942243497
-69.82418092689933
-70.16221844875606
-70.50009119412167
-70.83779836949925
-71.17533918178113
-71.51271283825031
-71.84991854658202
-72.18695551484626
-72.52382295150933
-72.86052006543531
-73.19704606588867
-73.53340016253557
-73.86958156544601
-74.2055894850953
-74.54142313236642
-74.87708171855168
-75.21256445535415
-75.54787055489027
-75.88299922969125
-76.21794969270474
-76.55272115729713
-76.88731283725532
-77.22172394678803
-77.55595370052839
-77.89000131353544
-78.22386600129565
-78.55754697972546
-78.89104346517261
-79.22435467441821
-79.55747982467821
-79.89041813360585
-80.22316881929308
-80.55573110027228
-80.88810419551858
-81.22028732445136
-81.55227970693589
-81.8840805632857
-82.2156891142641
-82.54710458108576
-82.87832618541907
-83.20935314938777
-83.54018469557235
-83.87082004701256
-84.20125842720881
-84.53149906012425
-84.86154117018609
-85.19138398228804
-85.52102672179198
-85.85046861452923
-86.17970888680318
-86.50874676539068
-86.83758147754365
-87.16621225099144
-87.49463831394229
-87.82285889508499
-88.15087322359115
-88.47868052911673
-88.80628004180384
-89.13367099228249
-89.46085261167262
-89.78782413158595
-90.11458478412717
-90.44113380189657
-90.76747041799149
-91.09359386600771
-91.41950338004204
-91.74519819469364
-92.07067754506564
-92.39594066676744
-92.72098679591628
-93.04581516913873
-93.37042502357306
-93.69481559687058
-94.0189861271977
-94.3429358532374
-94.66666401419137
-94.99016984978174
-95.31345260025246
-95.63651150637169
-95.95934580943324
-96.28195475125827
-96.60433757419726
-96.92649352113189
-97.24842183547639
-97.57012176117973
-97.8915925427274
-98.21283342514266
-98.53384365398904
-98.85462247537157
-99.17516913593897
-99.49548288288483
-99.81556296394996
-100.13540862742407
-100.45501912214704
-100.77439369751134
-101.0935316034635
-101.41243209050559
-101.73109440969756
-102.04951781265865
-102.36770155156898
-102.68564487917173
-103.00334704877471
-103.32080731425191
-103.63802493004559
-103.95499915116778
-104.27172923320231
-104.58821443230603
-104.90445400521119
-105.22044720922689
-105.53619330224058
-105.85169154272029
-106.16694118971614
-106.48194150286184
-106.79669174237688
-107.11119116906809
-107.42543904433101
-107.73943463015232
-108.05317718911114
-108.36666598438049
-108.67990027972975
-108.99287933952587
-109.30560242873523
-109.61806881292523
-109.93027775826624
-110.2422285315334
-110.55392040010783
-110.86535263197888
-111.17652449574575
-111.48743526061887
-111.79808419642208
-112.1084705735941
-112.41859366319005
-112.72845273688365
-113.03804706696866
-113.34737592636029
-113.65643858859755
-113.96523432784443
-114.27376241889198
-114.58202213715947
-114.89001275869674
-115.19773356018567
-115.50518381894146
-115.81236281291498
-116.11926982069417
-116.42590412150548
-116.73226499521606
-117.0383517223352
-117.34416358401579
-117.64969986205645
-117.95495983890314
-118.25994279765021
-118.56464802204312
-118.86907479647938
-119.17322240601052
-119.4770901363434
-119.78067727384257
-120.08398310553139
-120.38700691909375
-120.689748002876
-120.99220564588859
-121.2943791378073
-121.59626776897551
-121.89787083040565
-122.19918761378054
-122.50021741145548
-122.8009595164599
-123.10141322249855
-123.40157782395374
-123.70145261588672
-124.00103689403934
-124.30032995483556
-124.59933109538348
-124.89803961347675
-125.1964548075961
-125.49457597691128
-125.79240242128259
-126.08993344126218
-126.38716833809646
-126.68410641372701
-126.98074697079252
-127.27708931263041
-127.57313274327865
-127.86887656747683
-128.16432009066847
-128.45946261900227
-128.75430345933393
-129.04884191922727
-129.34307730695673
-129.63700893150838
-129.93063610258142
-130.2239581305903
-130.5169743266662
-130.80968400265823
-131.10208647113564
-131.39418104538913
-131.68596703943223
-131.97744376800347
-132.26861054656757
-132.5594666913173
-132.85001151917467
-133.1402443477931
-133.43016449555864
-133.7197712815916
-134.00906402574827
-134.29804204862268
-134.58670467154758
-134.87505121659672
-135.16308100658622
-135.4507933650758
-135.7381876163709
-136.0252630855241
-136.31201909833638
-136.59845498135917
-136.88457006189566
-137.17036366800252
-137.4558351284913
-137.7409837729301
-138.0258089316453
-138.3103099357228
-138.59448611700998
-138.87833680811698
-139.1618613424182
-139.44505905405424
-139.7279292779333
-140.0104713497323
-140.29268460589927
-140.57456838365437
-140.85612202099114
-141.137344856679
-141.41823623026397
-141.69879548207066
-141.97902195320347
-142.25891498554842
-142.53847392177482
-142.81769810533632
-143.09658688047278
-143.37513959221204
-143.65335558637076
-143.9312342095567
-144.20877480916994
-144.4859767334042
-144.76283933124873
-145.03936195248968
-145.31554394771163
-145.5913846682991
-145.86688346643808
-146.1420396951177
-146.41685270813136
-146.69132186007872
-146.96544650636707
-147.2392260032124
-147.51265970764166
-147.78574697749386
-148.05848717142132
-148.33087964889177
-148.60292377018948
-148.87461889641673
-149.14596438949556
-149.41695961216914
-149.68760392800294
-149.95789670138697
-150.2278372975366
-150.49742508249432
-150.76665942313122
-151.0355396871484
-151.30406524307872
-151.57223546028774
-151.84004970897576
-152.10750736017908
-152.37460778577145
-152.64135035846533
-152.9077344518141
-153.1737594402125
-153.43942469889896
-153.7047296039567
-153.96967353231508
-154.23425586175136
-154.49847597089195
-154.7623332392141
-155.02582704704682
-155.28895677557307
-155.55172180683078
-155.81412152371422
-156.07615530997577
-156.33782255022717
-156.5991226299408
-156.86005493545164
-157.12061885395826
-157.3808137735242
-157.6406390830798
-157.9000941724235
-158.15917843222306
-158.41789125401706
-158.6762320302166
-158.93420015410655
-159.1917950198466
-159.44901602247353
-159.70586255790187
-159.9623340229255
-160.21842981521928
-160.47414933334053
-160.7294919767299
-160.9844571457133
-161.23904424150322
-161.49325266619994
-161.74708182279295
-162.0005311151629
-162.25359994808193
-162.50628772721615
-162.7585938591264
-163.01051775126993
-163.26205881200153
-163.51321645057513
-163.76399007714528
-164.01437910276806
-164.2643829394031
-164.5140009999146
-164.76323269807256
-165.0120774485545
-165.2605346669468
-165.50860376974566
-165.75628417435905
-166.0035752991077
-166.2504765632266
-166.49698738686618
-166.74310719109403
-166.98883539789603
-167.23417143017744
-167.47911471176494
-167.72366466740743
-167.96782072277736
-168.2115823044726
-168.45494884001724
-168.69791975786302
-168.940494487391
-169.18267245891272
-169.4244531036713
-169.66583585384316
-169.90682014253912
-170.1474054038058
-170.38759107262686
-170.6273765849245
-170.86676137756075
-171.10574488833848
-171.34432655600324
-171.58250582024425
-171.82028212169567
-172.05765490193804
-172.29462360349982
-172.53118766985804
-172.76734654544035
-173.00309967562583
-173.23844650674653
-173.47338648608866
-173.70791906189385
-173.94204368336077
-174.1757598006459
-174.4090668648652
-174.64196432809538
-174.87445164337487
-175.1065282647056
-175.33819364705383
-175.56944724635179
-175.8002885194987
-176.03071692436194
-176.26073191977875
-176.49033296555723
-176.7195195224777
-176.94829105229374
-177.17664701773384
-177.40458688250203
-177.63211011128013
-177.85921616972797
-178.08590452448536
-178.31217464317302
-178.53802599439405
-178.7634580477345
-178.9884702737658
-179.21306214404498
-179.43723313111633
-179.66098270851273
-179.88431035075655
-180.10721553336134
-180.3296977328323
-180.5517564266685
-180.77339109336344
-180.99460121240654
-181.2153862642841
-181.43574573048085
-181.65567909348084
-181.875185836769
-182.0942654448321
-182.31291740316004
-182.53114119824713
-182.74893631759312
-182.96630224970468
-183.18323848409608
-183.39974451129103
-183.6158198228236
-183.83146391123924
-184.0466762700962
-184.2614563939669
-184.47580377843826
-184.68971792011405
-184.9031983166152
-185.11624446658155
-185.32885586967257
-185.54103202656893
-185.75277243897312
-185.96407660961128
-186.17494404223407
-186.38537424161768
-186.59536671356528
-186.80492096490804
-187.01403650350622
-187.22271283825032
-187.43094947906243
-187.63874593689732
-187.84610172374346
-188.05301635262418
-188.2594893375992
-188.46552019376477
-188.67110843725612
-188.8762535852477
-189.08095515595463
-189.28521266863373
-189.48902564358468
-189.6923936021514
-189.89531606672242
-190.09779256073296
-190.29982260866547
-190.50140573605086
-190.70254146946974
-190.90322933655335
-191.10346886598455
-191.30325958749955
-191.50260103188813
-191.70149273099565
-191.89993421772334
-192.09792502602994
-192.29546469093268
-192.49255274850796
-192.6891887358931
-192.88537219128708
-193.08110265395155
-193.27637966421202
-193.47120276345925
-193.66557149414933
-193.85948539980615
-194.05294402502125
-194.24594691545576
-194.43849361784095
-194.63058367997957
-194.82221665074638
-195.01339208009017
-195.20410951903386
-195.39436851967625
-195.58416863519267
-195.773509419836
-195.9623904289383
-196.15081121891075
-196.33877134724588
-196.52627037251798
-196.71330785438408
-196.89988335358544
-197.08599643194805
-197.27164665238388
-197.45683357889203
-197.64155677655964
-197.8258158115629
-198.00961025116817
-198.19293966373274
-198.37580361870636
-198.55820168663132
-198.74013343914453
-198.92159844897802
-199.10259628995982
-199.28312653701505
-199.46318876616743
-199.642782554539
-199.82190748035265
-200.00056312293214
-200.17874906270345
-200.3564648811954
-200.5337101610413
-200.71048448597907
-200.88678744085303
-201.0626186116143
-201.2379775853221
-201.41286395014458
-201.5872772953598
-201.76121721135695
-201.93468328963644
-202.1076751228121
-202.28019230461135
-202.45223442987623
-202.62380109456456
-202.79489189575088
-202.96550643162703
-203.13564430150348
-203.30530510581022
-203.47448844609767
-203.64319392503734
-203.81142114642336
-203.97916971517276
-204.1464392373267
-204.3132293200515
-204.47953957163952
-204.64536960150974
-204.81071902020915
-204.97558743941363
-205.13997447192816
-205.30387973168865
-205.46730283376252
-205.6302433943493
-205.7927010307818
-205.95467536152728
-206.1161660061876
-206.27717258550084
-206.4376947213418
-206.5977320367233
-206.75728415579619
-206.91635070385135
-207.0749313073198
-207.23302559377365
-207.39063319192746
-207.54775373163852
-207.70438684390808
-207.8605321608822
-208.01618931585247
-208.17135794325674
-208.3260376786804
-208.48022815885696
-208.6339290216689
-208.78713990614864
-208.93986045247937
-209.09209030199554
-209.24382909718446
-209.39507648168617
-209.54583210029529
-209.69609559896105
-209.84586662478847
-209.99514482603934
-210.14392985213243
-210.29222135364517
-210.44001898231386
-210.58732239103466
-210.73413123386442
-210.8804451660215
-211.0262638438865
-211.17158692500317
-211.31641406807918
-211.46074493298698
-211.60457918076435
-211.74791647361556
-211.89075647491197
-212.03309884919264
-212.1749432621655
-212.31628938070793
-212.45713687286752
-212.59748540786282
-212.73733465608436
-212.87668428909504
-213.0155339796312
-213.1538834016034
-213.2917322300969
-213.4290801413728
-213.5659268128685
-213.70227192319857
-213.83811515215544
-213.97345618071026
-214.10829469101367
-214.2426303663965
-214.3764628913703
-214.50979195162853
-214.64261723404672
-214.77493842668383
-214.9067552187825
-215.03806730077005
-215.16887436425907
-215.2991761020482
-215.42897220812293
-215.55826237765598
-215.68704630700847
-215.81532369373042
-215.94309423656142
-216.07035763543144
-216.1971135914614
-216.32336180696402
-216.44910198544437
-216.57433383160082
-216.6990570513253
-216.82327135170453
-216.94697644102027
-217.07017202875016
-217.19285782556847
-217.31503354334666
-217.43669889515422
-217.55785359525913
-217.67849735912867
-217.7986299034301
-217.9182509460312
-218.0373602060011
-218.15595740361078
-218.27404226033383
-218.39161449884716
-218.5086738430315
-218.62522001797203
-218.7412527499592
-218.85677176648926
-218.97177679626503
-219.08626756919628
-219.20024381640062
-219.313705270204
-219.42665166414127
-219.539082732957
-219.65099821260605
-219.76239784025407
-219.8732813542782
-219.98364849426767
-220.09349900102438
-220.20283261656374
-220.31164908411478
-220.41994814812134
-220.52772955424226
-220.63499304935203
-220.74173838154155
-220.84796530011863
-220.95367355560853
-221.05886289975479
-221.16353308551925
-221.26768386708324
-221.37131499984798
-221.47442624043492
-221.57701734668655
-221.67908807766685
-221.780638193662
-221.88166745618076
-221.98217562795531
-222.08216247294126
-222.18162775631882
-222.28057124449305
-222.37899270509442
-222.4768919069794
-222.57426862023107
-222.67112261615944
-222.7674536673021
-222.8632615474249
-222.95854603152247
-223.05330689581825
-223.14754391776583
-223.24125687604885
-223.3344455505816
-223.4271097225099
-223.5192491742112
-223.61086368929534
-223.70195305260495
-223.79251705021602
-223.88255546943827
-223.97206809881584
-224.06105472812754
-224.1495151483878
-224.23744915184653
-224.32485653199012
-224.41173708354174
-224.49809060246164
-224.58391688594799
-224.66921573243724
-224.75398694160418
-224.83823031436324
-224.92194565286815
-225.0051327605127
-225.08779144193153
-225.16992150299996
-225.25152275083502
-225.33259499379557
-225.41313804148282
-225.49315170474088
-225.57263579565694
-225.65159012756217
-225.7300145150316
-225.8079087738851
-225.88527272118725
-225.96210617524852
-226.0384089556247
-226.1141808831183
-226.18942177977829
-226.26413146890093
-226.33830977502998
-226.41195652395712
-226.48507154272235
-226.55765465961457
-226.62970570417178
-226.7012245071815
-226.77221090068136
-226.84266471795934
-226.91258579355403
-226.98197396325526
-227.05082906410445
-227.11915093439492
-227.18693941367215
-227.25419434273448
-227.32091556363312
-227.38710291967286
-227.45275625541217
-227.51787541666374
-227.58246025049468
-227.64651060522704
-227.71002633043815
-227.77300727696087
-227.83545329688377
-227.89736424355218
-227.95873997156758
-228.0195803367888
-228.0798851963316
-228.13965440856967
-228.19888783313456
-228.25758533091616
-228.3157467640629
-228.37337199598224
-228.4304608913409
-228.48701331606526
-228.54302913734148
-228.59850822361588
-228.6534504445956
-228.70785567124824
-228.76172377580284
-228.81505463174972
-228.867848113841
-228.92010409809075
-228.9718224617755
-229.02300308343416
-229.07364584286864
-229.12375062114418
-229.1733173005893
-229.22234576479622
-229.27083589862133
-229.31878758818505
-229.36620072087254
-229.4130751853338
-229.45941087148367
-229.50520767050256
-229.55046547483624
-229.59518417819646
-229.63936367556101
-229.68300386317406
-229.72610463854625
-229.76866590045515
-229.81068754894522
-229.85216948532837
-229.893111612184
-229.93351383335914
-229.9733760539689
-230.0126981803966
-230.05148012029395
-230.08972178258117
-230.12742307744753
-230.1645839163512
-230.20120421201966
-230.23728387844994
-230.27282283090875
-230.30782098593235
-230.34227826132752
-230.37619457617097
-230.40956985081007
-230.44240400686277
-230.47469696721765
-230.50644865603462
-230.53765899874452
-230.56832792204966
-230.59845535392384
-230.62804122361248
-230.65708546163307
-230.68558799977495
-230.7135487710997
-230.74096770994123
-230.7678447519059
-230.79417983387293
-230.81997289399408
-230.84522387169415
-230.86993270767107
-230.89409934389596
-230.91772372361322
-230.9408057913409
-230.9633454928706
-230.98534277526755
-231.00679758687113
-231.02770987729448
-231.0480795974249
-231.067906699424
-231.0871911367276
-231.1059328640461
-231.12413183736447
-231.1417880139423
-231.1589013523138
-231.17547181228824
-231.19149935494983
-231.20698394265767
-231.22192553904614
-231.23632410902474
-231.25017961877842
-231.2634920357674
-231.27626132872723
-231.28848746766926
-231.30017042388022
-231.31131016992276
-231.32190667963496
-231.33195992813086
-231.34146989180033
-231.35043654830923
-231.35885987659924
-231.36673985688807
-231.3740764706696
-231.38086970071367
-231.3871195310664
-231.39282594704997
-231.39798893526284
-231.40260848357968
-231.40668458115147
-231.41021721840542
-231.41320638704514
-231.41565208005056
-231.4175542916779
-231.4189130174599
-231.41972825420544
-231.42000000000002
-231.41972825420544
-231.4189130174599
-231.4175542916779
-231.41565208005056
-231.41320638704514
-231.41021721840542
-231.40668458115147
-231.40260848357968
-231.39798893526284
-231.39282594704997
-231.3871195310664
-231.38086970071367
-231.3740764706696
-231.36673985688807
-231.35885987659924
-231.35043654830923
-231.3414698918004
-231.33195992813086
-231.32190667963496
-231.31131016992276
-231.3001704238803
-231.28848746766926
-231.27626132872723
-231.2634920357674
-231.25017961877842
-231.23632410902474
-231.22192553904614
-231.2069839426577
-231.19149935494983
-231.17547181228827
-231.1589013523138
-231.1417880139423
-231.12413183736447
-231.10593286404614
-231.0871911367276
-231.067906699424
-231.0480795974249
-231.02770987729448
-231.00679758687116
-230.9853427752676
-230.9633454928706
-230.9408057913409
-230.91772372361322
-230.89409934389596
-230.8699327076711
-230.84522387169415
-230.8199728939941
-230.79417983387296
-230.76784475190595
-230.74096770994123
-230.7135487710997
-230.68558799977498
-230.65708546163307
-230.6280412236125
-230.59845535392384
-230.5683279220497
-230.53765899874452
-230.50644865603465
-230.4746969672177
-230.4424040068628
-230.40956985081016
-230.37619457617097
-230.34227826132752
-230.30782098593235
-230.27282283090875
-230.23728387845006
-230.20120421201972
-230.1645839163512
-230.12742307744756
-230.0897217825812
-230.05148012029395
-230.01269818039663
-229.97337605396893
-229.9335138333592
-229.89311161218404
-229.85216948532843
-229.81068754894522
-229.76866590045515
-229.7261046385463
-229.68300386317406
-229.63936367556101
-229.59518417819646
-229.55046547483624
-229.50520767050256
-229.45941087148373
-229.4130751853338
-229.36620072087257
-229.31878758818505
-229.27083589862133
-229.22234576479627
-229.1733173005893
-229.12375062114427
-229.0736458428687
-229.02300308343416
