-222.3846020961492
-222.34363044469754
-222.30232472907113
-222.26064672017395
-222.21860005889144
-222.1762245607
-222.13352204247118
-222.09049430623372
-222.04714313931845
-222.0034366222361
-221.95936260185323
-221.91497016116017
-221.87026103459073
-221.8252369425011
-221.7798995913081
-221.73420179239702
-221.68815897927925
-221.64180771011505
-221.59514964093478
-221.5481864144226
-221.50091966004783
-221.45326660536807
-221.40531110827223
-221.35705668824573
-221.30850492677385
-221.25965739269375
-221.2104652873283
-221.16094219168554
-221.11112777262514
-221.0610235528779
-221.01063104307227
-220.959921614795
-220.9088663108849
-220.85752701596886
-220.80590519637997
-220.75400230687546
-220.70179671474975
-220.64924339834909
-220.59641316635873
-220.54330743098745
-220.489927593375
-220.43624644058116
-220.38222815604206
-220.32793978408787
-220.27338268499489
-220.2185582084586
-220.16342155479168
-220.10797023664495
-220.05225542142807
-219.99627841959827
-219.940040531502
-219.88346790554746
-219.82661441867612
-219.76950379633195
-219.7121373011902
-219.65450019879597
-219.59652659726214
-219.5383007756917
-219.4798239602602
-219.42109736782456
-219.36205722544375
-219.30273415540125
-219.2431648397504
-219.1833504603176
-219.1232699613301
-219.0628671356568
-219.00222268569
-218.9413377593246
-218.88021349587794
-218.8187613598447
-218.75705869949195
-218.69512002790086
-218.6329464518343
-218.57047695422256
-218.50773257731566
-218.4447565356271
-218.38154990439557
-218.3180725665867
-218.2543025484253
-218.1903050966602
-218.12608125600792
-218.06160540395098
-217.9968254125659
-217.93182210680962
-217.86659650185058
-217.8011312692609
-217.73535657638254
-217.66936257966356
-217.60315026567162
-217.53670459716557
-217.46995008890468
-217.40298018178817
-217.33579583470367
-217.26837848886996
-217.2006586761179
-217.13272726702087
-217.06458519368147
-216.99620474609134
-216.9275337746464
-216.85865490988087
-216.78956905798265
-216.72023390413867
-216.65062556456598
-216.58081293811802
-216.5107969059141
-216.4405152641396
-216.36998300137014
-216.2992499644204
-216.2283170101633
-216.15709692443312
-216.08565384710948
-216.0140134173019
-215.9421720863021
-215.87002581115016
-215.79768470072446
-215.72514957118952
-215.65238282292478
-215.57934770800017
-215.5061210275912
-215.43270357573005
-215.359019002651
-215.2851072852854
-215.21100718830013
-215.13671486872175
-215.0621245144389
-214.98734812815962
-214.91238646668546
-214.83718861219668
-214.76174218138422
-214.68611276415146
-214.61030109712527
-214.53420486732057
-214.457913787746
-214.38144268996948
-214.3047514428552
-214.22780468788721
-214.15068010526534
-214.07337839760797
-213.99580035855956
-213.91802813314592
-213.8400809187968
-213.76191544140408
-213.6835013131855
-213.60491429296724
-213.52615505126852
-213.44711393838531
-213.367892713557
-213.28850131234714
-213.20888005909165
-213.1290301330561
-213.04901203836886
-212.96881348684457
-212.88834026682525
-212.80770084923228
-212.72689586161238
-212.64583659684752
-212.56458113309185
-212.48316202203972
-212.40153237541432
-212.3196660500144
-212.2376379650789
-212.15544062874736
-212.0729685355726
-211.9903365363258
-211.90754521898737
-211.82450130437402
-211.74127036194534
-211.6578819098085
-211.57427685352923
-211.49045185211253
-211.4064711166499
-211.32230746605825
-211.2378932043911
-211.1533249522489
-211.0686032612265
-210.98360640705408
-210.89845532149337
-210.8131524986019
-210.72760324234466
-210.6418739246559
-210.5559945405709
-210.46989528968035
-210.38359226057258
-210.29714080597807
-210.21049392879956
-210.12362162976387
-210.03660251670559
-209.94941034285284
-209.8619731375018
-209.77439070071466
-209.68665552143935
-209.59865769682085
-209.51051619503315
-209.42223150581208
-209.33368603147693
-209.2449896486899
-209.15615159593946
-209.06706867885237
-208.9778215255966
-208.88843419283194
-208.7988159928095
-208.70902210737825
-208.6190895063992
-208.5289381464931
-208.4386014961531
-208.34812756824482
-208.25744513508278
-208.16656961726227
-208.07555823437377
-207.98434677849542
-207.89293622195063
-207.8013911878515
-207.70965272403947
-207.6177108899995
-207.5256359414152
-207.4333724490213
-207.34090303231136
-207.2483018400374
-207.15551526330393
-207.06252189344806
-206.9693980634438
-206.87609031182006
-206.78257655412352
-206.68893362858478
-206.59510657703936
-206.50107593364993
-206.4069173920624
-206.3125728813904
-206.218028792341
-206.12335805251337
-206.0284978896388
-205.9334437338694
-205.83826415294766
-205.74289011122212
-205.64732920758354
-205.5516440830453
-205.45575790254145
-205.35969351077904
-205.26350608140996
-205.1671094692112
-205.07054479093108
-204.97385823778234
-204.87695286826738
-204.77989104788355
-204.68270849521116
-204.58529601033513
-204.48774013599893
-204.39006465218563
-204.2921466617563
-204.19409976626804
-204.09592961676844
-203.9975124466768
-203.89897750838014
-203.80030420835686
-203.7014008490964
-203.60238079275507
-203.50320587282954
-203.40381921487838
-203.30431691253696
-203.20464187211792
-203.10477475372355
-203.0047930255507
-202.90461933309214
-202.80427454110566
-202.70381615622148
-202.60314524947654
-202.50232552017067
-202.40139319745808
-202.3002264837291
-202.19893450360092
-202.0975204046697
-201.99586976888514
-201.8941081754424
-201.79220032392217
-201.6900817103661
-201.58785309289846
-201.48545282103242
-201.38286878775347
-201.28017568808863
-201.1772842985133
-201.0742373565292
-200.97108226977377
-200.86770103575202
-200.76419364978182
-200.6605679618938
-200.55670919069775
-200.45274377988036
-200.34863010286432
-200.24431480151765
-200.13989374011555
-200.03529327479396
-199.93052378821972
-199.82564940630863
-199.72056332491587
-199.61534195424446
-199.5100134955296
-199.40444598478808
-199.29877498802512
-199.19296261846046
-199.08694687183626
-198.98082846451726
-198.87453328580625
-198.7680714908666
-198.66150784669802
-198.55473093269777
-198.44782523554784
-198.34080784795364
-198.2335608839614
-198.12621338986474
-198.01871582600205
-197.9110283555545
-197.80324112954105
-197.69526439453836
-197.58713845597407
-197.47891352343535
-197.37045859527524
-197.26189618763536
-197.15320252120978
-197.04430336461854
-196.93530644822243
-196.82613600513534
-196.71680353500318
-196.60737403201256
-196.497727723217
-196.38796383620104
-196.27807992787476
-196.16798234113412
-196.05778889660206
-195.94743043939258
-195.8369044239052
-195.72628324446816
-195.6154510834524
-195.50449843712707
-195.393429732968
-195.2821462633778
-195.17076874818883
-195.05922755907042
-194.947520284968
-194.83571962745904
-194.72370673368556
-194.61157735767182
-194.49932889617497
-194.38687140571366
-194.27432159573556
-194.16160255207188
-194.04872562950055
-193.9357570193268
-193.82256811008403
-193.70927336594713
-193.59584978475334
-193.48222947219773
-193.36851848359535
-193.25462606450054
-193.14059044865382
-193.0264638573679
-192.91210415657432
-192.79765475899518
-192.68306030131492
-192.56828772314913
-192.45342603309211
-192.33836432573884
-192.2231803373067
-192.10788522869876
-191.99237944725445
-191.87678548402442
-191.7610240047748
-191.64510909493228
-191.5291065611423
-191.41287926678547
-191.2965566112524
-191.18009661009233
-191.06345430215484
-190.9467252530358
-190.8298002246972
-190.7127523131764
-190.5955949584592
-190.47822863207853
-190.36077641791016
-190.24315476991333
-190.12538489657132
-190.00752965105946
-189.8894441692586
-189.77127199965074
-189.65295476584686
-189.5344660850189
-189.41589284077546
-189.29711241802573
-189.17822336418044
-189.05921149861678
-188.94000702703823
-188.82071877300314
-188.70124431051084
-188.5816413073994
-188.46193568496813
-188.34201830392115
-188.22201789413816
-188.10185021437587
-187.98153606283208
-187.861137479899
-187.74050993727622
-187.61980009293404
-187.4989399402566
-187.37791730898815
-187.25681282235223
-187.13549139628898
-187.01407470768044
-186.89252274892135
-186.77079417644075
-186.6489844350716
-186.52697160470075
-186.4048505331037
-186.28260735815246
-186.16017525462897
-186.03766264328726
-185.91495894751435
-185.79213582699336
-185.6692019493546
-185.54606859838876
-185.42285537572064
-185.29946127742815
-185.1759383165603
-185.05231417389408
-184.92848173421592
-184.80457003443075
-184.68048592100644
-184.55626520453154
-184.43195115917484
-184.3074216662676
-184.18281350074068
-184.05803968458736
-183.93312317498464
-183.8081195144553
-183.68289488210547
-183.55759214090813
-183.43212885993543
-183.3065183989274
-183.18082533641044
-183.05490735818577
-182.92891181154292
-182.80275922964194
-182.6764565396266
-182.55007421444242
-182.42346456509873
-182.29677786477686
-182.16993607227639
-182.04294275768962
-181.91587123574504
-181.7885714725635
-181.6611951531884
-181.53366416729494
-181.40598171590332
-181.27822099012525
-181.1502325541808
-181.02216803448718
-180.89394779970723
-180.76557758383362
-180.63712757458623
-180.5084517919483
-180.37970037596176
-180.2507907645075
-180.12173404218885
-179.99259459767347
-179.8632326805404
-179.73379555869377
-179.60419637087173
-179.4744542869518
-179.3446251835903
-179.21457823135808
-179.08445648154216
-178.95416744612626
-178.82374103328266
-178.6932219760843
-178.56249097635077
-178.43168556490082
-178.30070633948813
-178.16959651919598
-178.03838714210863
-177.90697297161384
-177.77548475423242
-177.6438149255834
-177.5120225090157
-177.38012237526036
-177.2480258007645
-177.1158555233824
-176.9834946077447
-176.85102029661047
-176.7184288990001
-176.58565057809943
-176.4527988776743
-176.31974632109146
-176.18659070841258
-176.05330746965492
-175.91984795153667
-175.7863153567913
-175.65257053539523
-175.51873410622258
-175.38475837920822
-175.25061810534447
-175.11640503744482
-174.98196725773326
-174.84745038980324
-174.71278145787727
-174.57796076266075
-174.44306059119134
-174.3079360349323
-174.17273899926437
-174.03737607648324
-173.90187518780297
-173.76628074814192
-173.630475955806
-173.4945989172412
-173.35854114861445
-173.2223601883739
-173.08607060256622
-172.94958565318672
-172.81302867086941
-172.6762751325862
-172.53941411716343
-172.40242843850598
-172.26526330575564
-172.12802633355736
-171.99057603319835
-171.85303487385022
-171.7153520870987
-171.57750663967218
-171.4395895265593
-171.30144140329355
-171.1632199065025
-171.0248389280632
-170.88631293000492
-170.74769896841687
-170.6088683451176
-170.4699662128835
-170.3308858909912
-170.19167900196632
-170.05236529788283
-169.9128535114845
-169.77327034156062
-169.63348945644142
-169.49360123195228
-169.3535865429636
-169.21339310674637
-169.0731283928213
-168.9326456568411
-168.79207554838914
-168.65135856427193
-168.51048288757192
-168.36953150221566
-168.22835007719598
-168.08709743238953
-167.94567677523605
-167.80411816353347
-167.66246263081814
-167.52059785560886
-167.37866191821695
-167.23653614255133
-167.0942937975051
-166.95193264945487
-166.80938368361012
-166.66676359356356
-166.5239311864426
-166.38100420587196
-166.23793590707484
-166.0947018063006
-165.9513965996393
-165.80785598074027
-165.6642433585534
-165.5204663062437
-165.3765460223079
-165.232532351026
-165.0883041527702
-164.94400477884037
-164.79951730296776
-164.654909683557
-164.51018501708654
-164.36526888305872
-164.22028154304803
-164.07508190633274
-163.92978569485769
-163.78434827351904
-163.63874290485353
-163.4930662799854
-163.34715267795983
-163.20116651330795
-163.0550145102443
-162.908718503462
-162.76232788891474
-162.6157217312777
-162.46904414751563
-162.32217566871657
-162.17518751540769
-162.02807977886718
-161.88078073061436
-161.73341015663786
-161.58582324094883
-161.43814132740505
-161.2903144853352
-161.1423208901071
-160.9942538938025
-160.84594826835877
-160.69757087515336
-160.5490228768665
-160.40033297243218
-160.25154412142183
-160.1025413404338
-159.9534666419513
-159.80419536958607
-159.65480728735426
-159.50529444137862
-159.35559259321653
-159.20581865713103
-159.05582192561772
-158.9057336900969
-158.75549464167344
-158.6050917076107
-158.45461008952685
-158.30389205132596
-158.1531015795337
-158.00213405390414
-157.85102790750824
-157.69981703900424
-157.54839479537918
-157.39689989620086
-157.24520155126498
-157.09338995773797
-156.94144747424957
-156.78931874663388
-156.63711712013063
-156.48468554636747
-156.33216616183515
-156.1794896313478
-156.02665203184077
-155.87373026690105
-155.72057398888194
-155.56734435963313
-155.4139312825854
-155.26038231317227
-155.10672315345585
-154.9528543630015
-154.79891192467613
-154.6447597338494
-154.49049678557165
-154.33609764128104
-154.18151368472698
-154.02685576145345
-153.87196182184925
-153.7169821739232
-153.56184038743677
-153.40653849897382
-153.25114856276363
-153.09552391115895
-152.9398247300444
-152.78393757577606
-152.6279148764995
-152.47177864884918
-152.3154318910812
-152.15901022949788
-152.00237491374332
-151.84562841065187
-151.6887430751146
-151.5316711723313
-151.37452396822567
-151.21713762899532
-151.05966421393848
-150.90202688572396
-150.74422668354194
-150.58633803819833
-150.4282104658414
-150.27000691441594
-150.11161464020591
-149.95308286758817
-149.79443827654774
-149.63557768150324
-149.47664065189772
-149.31749040964922
-149.1582236777311
-148.99882009599622
-148.8392230421944
-148.67954907398197
-148.51963777271664
-148.35963257357986
-148.19946688714484
-148.0391298190173
-147.87870939372098
-147.71803981147784
-147.55729251687302
-147.39636154249587
-147.23528078367917
-147.0740939939331
-146.91267910705898
-146.7511859670752
-146.58948645203708
-146.42765820402343
-146.26570177389388
-146.10353773510968
-145.9412948767914
-145.77882349864237
-145.61624383937786
-145.45351442311247
-145.29059726108386
-145.1276006869959
-144.9643540532879
-144.80101893571737
-144.63751311747382
-144.47383873533755
-144.3100733452035
-144.14605897008204
-143.9819642206409
-143.8176785142021
-143.65324268803786
-143.4886962319463
-143.32391858110833
-143.15905989816048
-142.99399074663674
-142.82878912388617
-142.6634580213214
-142.49791269108093
-142.3322856433022
-142.16642941882043
-142.0004575166505
-141.8343381160068
-141.6680205718101
-141.50162059651737
-141.33497359989656
-141.1682268035093
-141.00131538176194
-140.83422095647694
-140.66704335790243
-140.49960181831594
-140.33207537920237
-140.16436814156594
-139.9964920337162
-139.82851866837697
-139.66029205585104
-139.49198108998954
-139.32347416956227
-139.15481144150522
-138.9860370883189
-138.81702174141466
-138.64792122741324
-138.4786106848087
-138.30915626085755
-138.13957695619172
-137.96976774468436
-137.79987252186595
-137.6297543448308
-137.45950300931952
-137.28911471654473
-137.11850636952806
-136.9478111359589
-136.77688123897767
-136.60582763426837
-136.43462624335785
-136.26321334723167
-136.09171265769143
-135.9199668815766
-135.74810550600898
-135.57608683312532
-135.40386382952323
-135.23155209341706
-135.05898620488762
-134.88631141066938
-134.7134711977369
-134.54043238139633
-134.36730386060736
-134.19391355185175
-134.02041954289058
-133.84675345715516
-133.67289297372673
-133.4989417804095
-133.32472266863604
-133.1504034983106
-132.9759071318846
-132.80121897568247
-132.62643906999512
-132.45138669696803
-132.2762362658391
-132.10090513523352
-131.92538314692408
-131.7497683347002
-131.57387816626235
-131.39789021972175
-131.22171976536382
-131.04535762959296
-130.86890155995118
-130.69216898553265
-130.51533711139126
-130.33832269712838
-130.16111394008627
-129.9838101029775
-129.80623043509001
-129.62854806110187
-129.45068497369166
-129.27262296061502
-129.0944646843056
-128.91603315802337
-128.73749354934674
-128.55877699793305
-128.37985493054265
-128.20083537903474
-128.0215471514607
-127.84214340805421
-127.66256852362855
-127.48277943750264
-127.30289160788831
-127.12274175760658
-126.94246681156079
-126.76202864640997
-126.58136540829155
-126.40060212804181
-126.21958565455535
-126.03843226735756
-125.85712579449694
-125.67558109953559
-125.49393502372206
-125.31204684687638
-125.13000760660876
-124.94782771920066
-124.76539408812596
-124.58285769657594
-124.40009265596822
-124.2171599744375
-124.03410148519589
-123.8507712614231
-123.66733685580475
-123.4836897101783
-123.29985581997761
-123.11591346055744
-122.93167880722368
-122.74733850806302
-122.56280393468717
-122.37806088618696
-122.19321139295936
-122.00808220349015
-121.82282794711642
-121.63740054115134
-121.45174019942017
-121.26597187905776
-121.07994620783661
-120.89376974325728
-120.7074440171047
-120.5208580587576
-120.33416254288346
-120.14723484677104
-119.96012773247332
-119.77289811511122
-119.58537802508599
-119.39774675270547
-119.20991140468735
-119.02186500536682
-118.8337065270682
-118.64526290992873
-118.45668712411054
-118.26793841260712
-118.07894389582096
-117.88983559969444
-117.70047476402186
-117.51094550850243
-117.32127763666384
-117.13132596940923
-116.94125877393382
-116.75097486563169
-116.56048298134397
-116.36987459655073
-116.1789720115442
-115.98793663011973
-115.79672370861182
-115.6052598301356
-115.41367762237188
-115.22184201536297
-115.02982895271012
-114.83768099019342
-114.64523554212803
-114.45266988473233
-114.2598951693442
-114.06689471782508
-113.87377300439886
-113.6803687917633
-113.486809843304
-113.29308984465425
-113.09909208051141
-112.90497108988706
-112.71061742784293
-112.51605512830497
-112.32136849788789
-112.12637836173121
-111.93124789602298
-111.73593846041706
-111.54036252730569
-111.34466021119542
-111.14871003506781
-110.9525596713573
-110.75628176646804
-110.55968797175213
-110.36295940493558
-110.16604271314816
-109.96886179944863
-109.77155120178237
-109.57398652319968
-109.37622090895157
-109.17832439674261
-108.98010878490894
-108.78175455127158
-108.5832123592562
-108.38439866496
-108.18545183601215
-107.9862542391553
-107.78684518772339
-107.58730172972615
-107.38744571210832
-107.18743723360032
-106.98725086585986
-106.78677557185597
-106.58616353734249
-106.38531417222947
-106.1842324655519
-105.98301268635089
-105.78149723737323
-105.57980489204789
-105.37795523478971
-105.17578847106796
-104.97348120015639
-104.77096077571142
-104.56817613208102
-104.365249586889
-104.16205523704858
-103.9586483263956
-103.75509809567151
-103.55122663321242
-103.34719300541325
-103.1429817823166
-102.93846282302863
-102.7337979641313
-102.52890479275963
-102.32375150790253
-102.1184508392974
-101.91287245904958
-101.70708022995912
-101.50113910753763
-101.29487222811917
-101.08843637015846
-100.88182399796084
-100.67489138468608
-100.46780714638707
-100.26050128346583
-100.05291704932836
-99.84517961152228
-99.6371768924732
-99.42893617653705
-99.2205406514731
-99.01183768049144
-98.80293555274116
-98.59387698319313
-98.38447033386615
-98.17490179430814
-97.96514201128142
-97.75506136776657
-97.54482134551694
-97.33435268667606
-97.12359712414441
-96.91268047650523
-96.7014994379944
-96.49006376966622
-96.27846528118982
-96.06656832780018
-95.85444729361895
-95.6421616751594
-95.42954524011117
-95.21673350578835
-95.00375539354077
-94.79041587826224
-94.57690803430938
-94.36320561945533
-94.14916576274076
-93.93495632348935
-93.7205253704486
-93.50578022899464
-93.29086363160239
-93.07570046134155
-92.86024442521088
-92.64461502865562
-92.42871592955733
-92.21254331006708
-91.99619539412728
-91.7795566217578
-91.5626616504521
-91.34558941467373
-91.12820719154935
-90.91058401915978
-90.69278158181031
-90.47465209715952
-90.25629479255062
-90.03775618955893
-89.81887559908316
-89.59977814818596
-89.38049733206884
-89.16086175770022
-88.94101806242989
-88.72098890120404
-88.50059443086079
-88.27999830802248
-88.05921458410367
-87.83805727144241
-87.61670245162108
-87.39515786070697
-87.1732337248732
-86.95111385131023
-86.72880200125148
-86.50610702662686
-86.2832156540818
-86.06013006373642
-85.83666019968305
-85.61299079328077
-85.38912489135491
-85.16487605195849
-84.94042198602162
-84.71576910989505
-84.49073717370334
-84.26549173056982
-84.0400451251066
-83.81422593486714
-83.58818230369265
-83.36193512003656
-83.13532448243011
-82.90847575797468
-82.68142105232947
-82.45401473770168
-82.22635391910234
-81.99848465149609
-81.77027839358641
-81.54179838311214
-81.31310741614627
-81.08409691181373
-80.85479051360677
-80.62527061118925
-80.39545152013588
-80.16531143893567
-79.93495526499767
-79.70432320948896
-79.47334204934059
-79.24214216653804
-79.01069273112083
-78.77886299406708
-78.54681186246493
-78.31453854590575
-78.08185467843904
-77.84894465417923
-77.61580971380384
-77.38229726089921
-77.14852059485241
-76.91451623808481
-76.68017065001108
-76.44551948641104
-76.21063781342374
-75.97545450142701
-75.7399208764883
-75.50415387881117
-75.26812821481661
-75.03170405533498
-74.79504361444835
-74.55814600908076
-74.32084805269643
-74.08328593860577
-73.84548368722203
-73.60733163464845
-73.36885950444197
-73.13014421724068
-72.8911333003981
-72.65174269678664
-72.4121058689297
-72.1722218713831
-71.93191362888216
-71.69134663900843
-71.45052934478241
-71.20935013908917
-70.96784424780964
-70.7260848683219
-70.48402978755
-70.24157613592511
-69.9988657623546
-69.75589765552112
-69.51251946081337
-69.26884906254985
-69.02491762646082
-68.78065109336504
-68.53601151644051
-68.29110754552946
-68.04593812079546
-67.80032957993127
-67.55444374296748
-67.30828902268196
-67.06177941376359
-66.81490225223692
-66.56775272452099
-66.3203297203586
-66.07245880642758
-65.82430482974692
-65.57587381782369
-65.32708883462057
-65.07792063612277
-64.8284717883925
-64.57874112878962
-64.32857513204125
-64.07809848669295
-63.827336336882084
-63.57624299278436
-63.324728452530465
-63.07292465815001
-62.82083039259455
-62.568335907084425
-62.31548017577708
-62.062330142277084
-61.80888455704593
-61.554976648712625
-61.300760356142376
-61.04624459780428
-60.791387507759445
-60.53609432264406
-60.280497697540724
-60.02459632515037
-59.76830499632287
-59.51161666581033
-59.25461952788369
-58.99731224072812
-58.73957397239113
-58.48147002124179
-58.2230517730829
-57.96431785080654
-57.705119781599265
-57.44557931176759
-57.18571893060681
-56.925537224925165
-56.664866330969375
-56.40386801326522
-56.14254404258848
-55.88088394886209
-55.61873606185301
-55.35625812745752
-55.093448668476086
-54.83029367720488
-54.56664992241503
-54.30267015425225
-54.03835285722713
-53.77368950178348
-53.50852733965893
-53.243023063618004
-52.97717511903565
-52.71098194017717
-52.44428619098602
-52.17723426699612
-51.90983239659512
-51.642078973786546
-51.37384277528706
-51.10521958824149
-50.83624003588922
-50.566902471091055
-50.297111783561135
-50.026893234090124
-49.756311756507415
-49.48536566163446
-49.21400626905991
-48.94216776415192
-48.66995962148472
-48.397380108928125
-48.12442748206515
-47.850954060421714
-47.5770940066595
-47.30285567965643
-47.02823729082951
-46.75316129631038
-46.47762356954875
-46.20170051239566
-45.92539029115305
-45.64869105916768
-45.37145521773976
-45.093820985850755
-44.815792329745264
-44.53736735639135
-44.258494076793134
-43.979121686601474
-43.69934745104162
-43.419169429717236
-43.13858566858027
-42.85750537636236
-42.575957864306865
-42.29399893273013
-42.01162657890683
-41.728838786053004
-41.44552391024844
-41.16175563994454
-40.87756609541485
-40.59295320985696
-40.30791490199487
-40.02233741276845
-39.7363014993015
-39.44983416887102
-39.1629332888122
-38.87559671156167
-38.5877281132565
-38.29937639127995
-38.010582813932224
-37.72134518086308
-37.43166127638962
-37.141472600508834
-36.85075559170695
-36.55958598566538
-36.26796151248748
-35.975879886500366
-35.683338806150445
-35.39020856454593
-35.096611793948846
-34.80254903149473
-34.508017919613586
-34.213016084399136
-33.91749882052227
-33.62142236146782
-33.32486846439309
-33.027834697884906
-32.7303186137306
-32.43231774680795
-32.133773679150195
-31.834674371200023
-31.53508334209512
-31.234998067324398
-30.93441600499163
-30.633334595702447
-30.331714997729968
-30.029510623321073
-29.72679973300543
-29.423579706075536
-29.119847903839396
-28.815601669504574
-28.510838328061936
-28.205462361840375
-27.899546072922742
-27.593105225309614
-27.28613708033094
-26.97863888060023
-26.67060784989551
-26.362041193039996
-26.05283548134704
-25.743084833182508
-25.432790814443564
-25.121950563885743
-24.810561200796954
-24.49861982487551
-24.186123516106978
-23.873012878116082
-23.55930043764127
-23.24502501662968
-22.93018362653642
-22.61477325857926
-22.29879088361365
-21.982233452006327
-21.6650978935099
-21.347334030008422
-21.02894377572618
-20.709966982516082
-20.390400508672943
-20.07024119133892
-19.749485846374192
-19.42813126822898
-19.10617422981335
-18.783611482367128
-18.460397440522456
-18.136534312598645
-17.81205663179144
-17.486961074468518
-17.16124429477454
-16.834902924499552
-16.507933572946556
-16.180332826798406
-15.852097249984324
-15.523223383545766
-15.193703858889611
-14.863475963624115
-14.532600428118828
-14.20107371462062
-13.868892261923058
-13.536052485230016
-13.202550776021162
-12.868383501915027
-12.533547006532533
-12.198037609359927
-11.861851605611687
-11.524985266093562
-11.187434837063593
-10.849196540095178
-10.510230631759738
-10.170556945692516
-9.830185273389002
-9.489111751865654
-9.147332492873488
-8.804843582758739
-8.461641082324057
-8.117721026688601
-7.773079425148357
-7.427712261036149
-7.08161549158177
-6.734785047771192
-6.387216834207383
-6.038906728968797
-5.689850583469321
-5.340044222317728
-4.9894834431763675
-4.638164016621539
-4.286081686001162
-3.9332321672955652
-3.5796111489758298
-3.2252142918631828
-2.870037228988175
-2.514075565450476
-2.157324878277019
-1.799780716283328
-1.4414385999318098
-1.0822940211918066
-0.7223424433998782
-0.36157930111901043
-5.4962150588128474e-14
0.0
0.36240008335879326
0.7256256015503626
1.0896812364981168
1.4545716995945264
1.8203017318394643
2.1868761039782045
2.5542996166390406
2.9225771004705052
3.2917134162781654
3.6617134551609545
4.032582138647026
4.404324418829078
4.776945278499163
5.150449731282883
5.524842821773016
5.900129625662475
6.2763152498766175
6.653404832704831
7.031403543931401
7.410316584965581
7.790149188970881
8.170906620993486
8.552594178089809
8.93521718945311
9.318781016539173
9.70329105319096
10.088752725762255
10.475171493240202
10.8625695375368
11.250981874285653
11.640370367617662
12.030740630830554
12.422098310564083
12.814449086914532
13.207798673547767
13.602152817810802
13.997517300841857
14.393897937678833
14.791300577366165
15.18973110305996
15.589281290917812
15.98987914860502
16.391525526665657
16.794226469716065
17.197988057085816
17.602816402910435
18.008717656221993
18.41569800103747
18.823817361577337
19.233090914591294
19.643465310188713
20.05494689805921
20.46754206337595
20.88125722686789
21.296098844889322
21.712137751820467
22.12938932223113
22.54779011020186
22.967346740835065
23.3880658752415
23.809954210589783
24.233084031980603
24.657487852602536
25.08308453273348
25.50988094035234
25.93788397975659
26.36710778572224
26.79771874786337
27.22956077102407
27.66264093153923
28.096966342201146
28.532575538078557
28.969604521984508
29.40790396170084
29.84748114268198
30.288343386837873
30.730640872626246
31.17430558071156
31.619281337007088
32.065575636014145
32.51331649615479
32.962496307409864
33.41302128977293
33.86489910973059
34.31829614770919
34.7731447461597
35.22937345210548
35.68699567163165
36.14626270071261
36.60693761086129
37.06902837302254
37.532698818730644
37.99791712480629
38.46457968904764
38.93278372691535
39.402644483442444
39.873978398128095
40.34685498858982
40.82145909722013
41.29756575131214
41.77525706092739
42.25470724935561
42.735689849733674
43.2183412325155
43.702742027508776
44.18870557026999
44.676465539471025
45.165923233506646
45.656987982847454
46.149994658207156
46.64461726918178
47.14105004070329
47.6392997728335
48.13922146519015
48.641154724070276
49.144758415046454
49.650316714562805
50.15768414512925
50.666922151247334
51.178111214824185
51.69110921963748
52.20617841191593
52.72301784218436
53.24202623998701
53.762808267927895
54.28579686936957
54.81060175672105
55.33763408242284
55.866522165512855
56.39768321281091
56.93072433195297
57.46609107844375
58.00339675256004
58.54300590773156
59.084663704831385
59.62857725879094
60.17467562268311
60.72295593122804
61.27358412749321
61.826324885604734
62.381541927101665
62.93895509101958
63.49870270634624
64.06087948041997
64.62530479762454
65.192253183711
65.76158766663777
66.3332553992326
66.90756829078666
67.48429223845615
68.06343522679335
68.64527679912587
69.22962419043881
69.81647728509148
70.406011711855
70.99821813442965
71.59301755282603
72.19044215939451
72.79071047131204
73.39369307332952
73.99938866080521
74.60782963975421
75.21913982095418
75.83334301003562
76.45037929849649
77.07028107380967
77.69308070498097
78.31881052276964
78.94762116736189
79.57942431538486
80.21424397656114
80.85211203137672
81.49306021600025
82.13712009745377
82.78432304782838
83.43470021752601
84.08828250751003
84.74510054054684
85.40518463142233
86.06856475611755
86.7352705199278
87.40533112451165
88.07877533385633
88.75563143914772
89.43592722253354
90.11968991977014
90.80694618174505
91.4977220348679
92.19204284032439
92.88993325219073
93.59141717440556
94.29651771660085
95.0052599170197
95.71779563909395
96.43402189390508
97.15395798307586
97.87762216045276
98.60505178699212
99.33641095988541
100.07155506562039
100.81049739035096
101.55334249739462
102.30014387539491
103.05078293081178
103.80535448780253
104.56394572530886
105.32639847666034
106.09290203195087
106.86336389039408
107.63777781140342
108.41626977672732
109.1986571531767
109.98517903070524
110.7755780816131
111.57010661590274
112.36852826668286
113.17101524950567
113.9774406728373
114.78781104178434
115.60218918463283
116.42041262804389
117.24258425344048
118.06863048391907
118.89845752447272
119.73209391073836
120.56952334536379
121.41061865741383
122.2553350036644
123.10363562740275
123.95550948026457
124.8108140162072
125.66947685617936
126.53141812010486
127.39655026972798
128.26477796737532
129.13599795213406
130.01009893494495
130.88696151409002
131.76645811252345
132.64845293845693
133.53280197054997
134.4193529689877
135.30794551364596
136.19841107044115
137.090573086852
137.98424711747055
138.8792409802981
139.7753549443457
140.67238305109606
141.57011770695766
142.46832264000506
143.3667693908218
144.26522341401284
145.16343948211312
146.06116222093493
146.95814365761862
147.85412827922994
148.74882639189826
149.64198225805563
150.53333908116693
151.42259633765354
152.30946936090197
153.19371970113295
154.0750321215584
154.95311587901452
155.82775062251343
156.69859681002913
157.56539550456574
158.42793572664755
159.28584552890862
160.13893539785016
160.9869936057246
161.82961631587096
162.66670541713378
163.49803491504528
164.32321239380886
165.14219555719015
165.95477305167606
166.76056595243054
167.55957202145794
168.3516150141844
169.1363749029531
169.91380398773958
170.68379875684815
171.44620620106517
172.2007554424206
172.94749823725658
173.6863315714741
174.41716282336543
175.13983892041298
175.85429051009098
176.56053339857706
177.25851707257968
177.9482008828399
178.62955385575412
179.3025544803588
179.9671904726019
180.62345851887665
181.27136400081744
181.91092070337623
182.54215050819113
183.16508307424166
183.77975550775759
184.3862120232974
184.98450359786608
185.57468761986868
186.15682753462775
186.73099248810934
187.29725697041457
187.85567800554156
188.4061752703672
188.9490023081765
189.48425152492268
190.0120189886313
190.53213054041686
191.04492124363895
191.5505157016475
192.04876073432078
192.53991200069353
193.024165425529
193.50123883180447
193.97163322144647
194.4351721446002
194.8920832023439
195.3424125294249
195.78623637456423
196.2236800648024
196.65482024460522
197.07970950002863
197.49857448555866
197.91124578375639
198.31813790962974
198.71903994377823
199.11420680037298
199.50381517634173
199.8876293524733
200.26600863580808
200.63905144908966
201.00664951828173
201.36895856712425
201.72615266847873
202.07829979986371
202.42534701961125
202.76740261840848
203.1046299518186
203.43709594980706
203.76486723223556
204.0880100773261
204.4065057716042
204.7204786873506
205.03003412823455
205.33523648936927
205.63614968576422
205.93283713052887
206.22536171446077
206.51378578697737
206.7981711383501
207.078578983199
207.35506994520705
207.62770404301406
207.89654067724842
208.16163861865817
208.4230559973007
208.6808502927529
208.93507832530292
209.18579624808538
209.43305954012408
209.676869962971
209.91726599905104
210.1543601141098
210.38820529542542
210.61885383213908
210.84635731280534
211.07076662362272
211.29196419000795
211.51014708901124
211.72537632141137
211.93770020379017
212.14711982578274
212.35355251786342
212.55721355643394
212.75814868601427
212.9563323450438
213.1516960857966
213.34446081059843
213.53466971451627
213.72213747488195
213.90707938618297
214.0895856315298
214.26949306916032
214.4469468260437
214.62208024003115
214.79468408619377
214.96497155244083
215.13302758361516
215.29859795586424
215.46202838058053
215.62318159852546
215.78208877371347
215.93893969722018
216.0934446579238
216.24597785136558
216.39630541822874
216.5446179075665
216.69087563728579
216.83508087694202
216.97735515102977
217.1175637508733
217.2559391079177
217.39225887435975
217.5268180314022
217.65935401018464
217.79017788527648
217.91903240574243
218.04620014155466
218.17147286220654
218.29506185057335
218.41684980573382
218.53693571301943
218.65533336042597
218.77199015360927
218.8870894227817
219.00038939616135
219.112206654791
219.22229353982294
219.3308536358128
219.43785863622807
219.54322997588528
219.64718720573973
219.74948617741546
219.85034901375388
219.94976888004612
220.04760199774702
220.14408614295644
220.23908750145773
220.33263121191905
220.42486242918858
220.51560757192956
220.60498478409764
220.6930848868414
220.77973015524017
220.86505990153938
220.94914685320504
221.0318428126604
221.1132403489504
221.19342836306555
221.27231997685442
221.34989688239875
221.42629652254584
221.50152332456148
221.57538760172164
221.64810588116427
221.71968701491025
221.79005832048568
221.8591988012002
221.92723217782344
221.99416696753752
222.05990582355872
222.1244907225559
222.1880058922447
222.25045952613806
222.31177850038216
222.37196920307053
222.4311260851387
222.48925702747138
222.54635863551044
222.60230994597333
222.65726193042377
222.71122216800057
222.76419817383348
222.81615967653522
222.8670538671367
222.91698915149777
222.96597275593385
223.0140118454479
223.06111352419404
223.10716481321123
223.15229447812
223.19651061194668
223.23982004483264
223.28222954869238
223.32373818887123
223.36426287893565
223.40391035508543
223.44268712746646
223.48059965055037
223.51765432357146
223.55385749096192
223.5891912564272
223.62362258350095
223.65722362213057
223.69000047093868
223.72195917619803
223.75310573225119
223.78344608192833
223.81298611696224
223.84172321328376
223.86961048467447
223.89671707615463
223.92304865086288
223.9486108231737
223.97340915909663
223.9974491766737
224.02073634637355
224.0432760914842
224.06507378850233
224.0861347675214
224.10644049936815
224.12599637271563
224.14483320429815
224.1629561173588
224.18037019090588
224.1970804600835
224.2130919165407
224.2284095087976
224.24303814260924
224.2569826813271
224.2702479462585
224.282838717023
224.29475973190688
224.30601568821498
224.31661124262035
224.32655101151153
224.335839571337
224.34448145894822
224.3524811719389
224.3598312031957
224.36654433514042
224.37263007825325
224.3780927562491
224.38293665547843
224.38716602525108
224.3907850781578
224.39379799039
224.39620890205643
224.39802191749862
224.39924110560239
224.3998705001089
224.39991409992206
224.3993758694144
224.39825973873033
224.3965696040874
224.394309328075
224.39148273995096
224.38809363593631
224.384145779507
224.37964290168435
224.3745887013224
224.3689868453938
224.36284096927307
224.35615467701797
224.3489188653996
224.34114542898934
224.3328411192686
224.32400943285177
224.31465383622722
224.30477776602748
224.2943846292973
224.28347780375918
224.27206063807748
224.26013645212032
224.24770853721884
224.23478015642502
224.22135454476734
224.20743490950417
224.1930244303755
224.17812625985223
224.16274352338394
224.1468793196443
224.13053672077461
224.11371877262553
224.0964279960441
224.07863103151055
224.060366885519
224.04163851290303
224.02244884323176
224.00280078104095
223.98269720606328
223.9621409734553
223.94113491402413
223.91968183445127
223.89778451751454
223.87544572230902
223.85266818446513
223.82943638352137
223.8057410981192
223.78161446805603
223.75705914720544
223.7320777669068
223.70667293617436
223.68084724190476
223.65460324908304
223.62794350098642
223.60087051938694
223.573374073547
223.5454261582889
223.51707187430452
223.4883136680382
223.45915396529114
223.42959517141531
223.3996396715055
223.36928983058937
223.33854799381618
223.3073900539058
223.27580909333057
223.24384255912008
223.21149272644405
223.17876185139943
223.14565217119087
223.11216590430968
223.07830525071103
223.04403834519866
223.00936833038884
222.97432998583528
222.93892544593098
222.90315682729135
222.8670262289232
222.83053573239323
222.7936713507947
222.75639597235522
222.71876645413442
222.68078481574622
222.64245306008357
222.60377317347877
222.5647471258627
222.52534494799005
222.48555736827745
222.44542910290886
222.40496206329024
222.36415814510838
222.32301922848274
222.28154616510778
222.23966460828453
222.1974533005053
222.15491406611727
222.11204871455254
222.06885904047283
222.02534682391374
221.9814395235392
221.9372060753118
221.8926550757594
221.84778825225976
221.8026073181823
221.75710700674688
221.71121904687084
221.66502179788668
221.61851692254788
221.57170607019515
221.52459087688885
221.47713176011325
221.42932632152687
221.3812211644846
221.3328178768432
221.28411803374814
221.23511710967568
221.1857402505808
221.1360713021268
221.0861117931409
221.0358632402875
220.9853271481896
220.9344295538169
220.88323207038417
220.83175133056625
220.77998879489388
220.72794591237988
220.67555475969664
220.6228628082788
220.5698946487663
220.51665168781946
220.46313532108542
220.40927114467206
220.35511764572533
220.30069474083103
220.24600378496154
220.1910461225624
220.13572891515344
220.08014568402848
220.0242996123324
219.96819200545391
219.91179782592934
219.8550733833431
219.79809117029345
219.740852454322
219.68335849326257
219.62554500253623
219.567445137126
219.50909366593777
219.4504918104757
219.39162604658583
219.3324265453378
219.27298020420315
219.21328820949117
219.15335173856894
219.09309882361106
219.03257504176457
218.97181021064983
218.91080547386167
218.84952383768467
218.78793960056777
218.7261187957357
218.66406253407487
218.60176193019396
218.53913379137958
218.4762734471809
218.41318197681073
218.34986045155506
218.28621605230023
218.22233218626945
218.15822140994794
218.09388476424374
218.02924338629083
217.9643516103638
217.89923702856913
217.83390065240766
217.7682713977395
217.70238692917673
217.63628365094235
217.56996254607253
217.50335432808936
217.43649200011316
217.36941475357713
217.30212354397003
217.23454509055028
217.1667193627024
217.09868250538068
217.03043544741746
216.9618953039177
216.8931202721442
216.8241378009325
216.7549487933253
216.68545532551911
216.6157447319893
216.54583029290205
216.47570583583263
216.40527428331018
216.33464152597662
216.2638084236279
216.19274419392957
216.12140010714012
216.04985824904583
215.97811945588046
215.9061233543586
215.8338795592087
215.76144133754735
215.68880950282676
215.6158892609795
215.54275826373186
215.46943609866872
215.39590397614973
215.32208673990695
215.2480807358378
215.17388673909534
215.0994429930704
215.02475952788478
214.94989040971137
214.8748363929272
214.7994883163148
214.7239502999219
214.64822966600502
214.5722826749491
214.4960818748046
214.4197006962072
214.3431398585351
214.26630033791116
214.18926458101782
214.11205134832122
214.03462063544617
213.9569361623981
213.87907635672516
213.80104190476317
213.72273003085945
213.64422937257476
213.565556158052
213.48666052946632
213.40752463899614
213.3282182440828
213.24874175776893
213.16897615731585
213.0890420666919
213.00894012800055
212.9285976908941
212.84804129341956
212.76731901259416
212.6864027688918
212.60522935924695
212.52389199516657
212.44239129006536
212.36061947026724
212.27867218992978
212.19656345031987
212.11422460729324
212.03167248738433
211.94896075579402
211.8660575294008
211.7829055578343
211.6995957886774
211.61612879692646
211.5323838548419
211.44848091591797
211.36442252451587
211.28011961861998
211.19562829258814
211.11098325223367
211.02612487936563
210.9410498651913
210.85582284350522
210.77041146053472
210.68475737490985
210.59895295784386
210.5129909820581
210.4267623607965
210.34038505401645
210.25385958115143
210.16707616290788
210.08013039315222
209.99303806390668
209.90570992538397
209.81820004179696
209.7305451765555
209.64267459947177
209.5546048749126
209.46639171832982
209.37798094649523
209.28935557882335
209.20058830109863
209.11163954077307
209.02246265410952
208.9331453522381
208.84366077248322
208.75393641844914
208.6640731174508
208.5740548504773
208.48378700940944
208.39338166353375
208.3028318050436
208.21202438718785
208.12108088109744
208.03000149062115
207.93865833730337
207.84718048723585
207.75556837838502
207.66369847324026
207.571690028148
207.47954868343038
207.38715423904335
207.29461888171247
207.20195195998159
207.10903491186684
207.01597626001512
206.92278735551918
206.82934960447687
206.7357712118314
206.6420638552815
206.54810726770813
206.45401262506294
206.35979028468216
206.2653166928768
206.17070922913013
206.07597531168233
205.98098651414819
205.88586959732112
205.7906238608815
205.69512521086227
205.5995021490974
205.50374384196533
205.40774110981556
205.31161515235738
205.21534598983663
205.11884238750196
205.0222167256585
204.92543839027752
204.82843707231166
204.73131484039772
204.63402898219144
204.53653304668964
204.43891732295248
204.34112555973974
204.24313804925424
204.1450318567812
204.0467357744381
203.9482596768763
203.84966598448517
203.7508671372143
203.6519053867193
203.5528271098322
203.4535270204272
203.35408249824212
203.25452249974143
203.15472265984846
203.05479819516336
202.95474902973035
202.85446115660622
202.75405952738907
202.65351279109592
202.55274947909288
202.4518734129044
202.35083052064283
202.24959446483672
202.148246639629
202.04670897602475
201.94500282233724
201.84318586723705
201.7411547868932
201.63898113286666
201.53669762894347
201.43417445667927
201.33153585223604
201.22876712157614
201.12577436434154
201.02267331252813
200.91941442184728
200.8159607660796
200.71239972379635
200.60865192447756
200.50473979701542
200.4007211757316
200.29648569018252
200.1921174728411
200.0876385935859
199.98292166117116
199.87809969143558
199.7731349057189
199.66796566274502
199.56269223444872
199.45724269320613
199.35162340486505
199.24590076885534
199.13996759481068
199.033900483688
198.92772590550527
198.82131513635284
198.71480238307225
198.60814580373534
198.5012907321999
198.39433447605367
198.28719694866976
198.17989968672504
198.07250202629203
197.96488457647726
197.8571471957378
197.74929016077715
197.64121381556657
197.533038347885
197.4247028778057
197.31618968797113
197.2075781260238
197.0987651785755
196.98981711070633
196.88076577534412
196.771481914688
196.66210089709924
196.55257347078052
196.4428578348035
196.33304575809
196.2230431318864
196.11289758592875
196.00265630350754
195.89217934214074
195.78160571467646
195.67089190181326
195.55998658533838
195.44898666849957
195.33779976854026
195.22646924680902
195.1150447968987
195.00338560946633
194.891631614611
194.7797365752512
194.66765365158486
194.5554778806989
194.44311170509604
194.33060802644434
194.21800656015432
194.10517556581522
193.9922527712771
193.87918126262986
193.7659321352375
193.65259183010397
193.53905097677102
193.42538529860383
193.31161002671053
193.19761952938507
193.08353884963398
192.96929523258171
192.85489065636082
192.74039649156978
192.62568516461658
192.510868003699
192.39592305229337
192.28078341190192
192.16555512851852
192.05014337383886
191.9345934752129
191.8189485355932
191.70307751588254
191.5871187679843
191.47100787665005
191.3547288363812
191.23836261725916
191.12178631156473
191.005100607438
190.88829178852953
190.77128705779924
190.6541960162165
190.53692254380377
190.41951324839428
190.30200762971378
190.1842805172373
190.0664679328505
189.94849836772192
189.83036870499632
189.71215407798826
189.59372100811672
189.47519002105432
189.35652535707678
189.23767841229676
189.1187472980198
188.9996197476835
188.88037336076542
188.7610145123288
188.64145323424006
188.5218085539259
188.40198738488613
188.28202846575832
188.16197626841426
188.0417034713513
187.92134801236608
187.80083400796076
187.68016529114772
187.55941436605167
187.43843886813767
187.31737528598222
187.19616915173202
187.07479324060745
186.95333582056014
186.83166862020732
186.70989944043703
186.5880018046325
186.46592117331062
186.34375970678244
186.22140138111138
186.0989290011768
185.97634041544646
185.8535574105951
185.73069421907516
185.60764526891265
185.48447195992372
185.36119289978348
185.23770974236035
185.1141470220714
184.99040787248782
184.8665357809013
184.74256664628547
184.6183854331989
184.4941252567375
184.36969625756544
184.24512740679847
184.1204685225727
183.99559122826832
183.87063554617094
183.74551697250635
183.62025326447622
183.49490488093227
183.36933335890694
183.24368400114406
183.11787605382898
182.9919192704213
182.86588156375444
182.73961754799842
182.6132762253967
182.48677903148504
182.3601308359508
182.23340390871925
182.10644901508834
181.9794173206834
181.85223093388908
181.7248928721722
181.5974767537397
181.46983248125755
181.34211189157764
181.21423629270535
181.08620979470155
180.9581044416627
180.8297721737556
180.70136405003726
180.5727991473966
180.44408552814525
180.3152908247337
180.18627183039786
180.05717741973496
179.9279230495378
179.79852351034674
179.6690392688272
179.53933470373025
179.40955514015724
179.27961106689833
179.14952669640383
179.01935265744706
178.88896356496434
178.75849987047496
178.62786578729617
178.49709756245818
178.36623339549993
178.23516070768682
178.10401379318847
177.972689322227
177.84123810926093
177.70968341284475
177.57792795134554
177.4460986175513
177.31408331027168
177.18194986551754
177.04970416762148
176.91726664451633
176.7847555827743
176.65204892028467
176.51923389101464
176.38629664936227
176.2531776679522
176.11998546101415
175.9865868543667
175.85309077953136
175.71946138188684
175.58566143741848
175.4517885601477
175.3176973506234
175.18352066153815
175.04919842598622
174.91471790631635
174.78016456125354
174.64538018571446
174.51052320668614
174.37550738189645
174.2403465680975
174.1050993679714
173.96963467719323
173.83409762608835
173.69838739156464
173.56254645847167
173.4266045597835
173.29045968564128
173.15424267439602
173.01783714071024
172.88131615741017
172.744678647804
172.60785361659944
172.47095665167222
172.33385486068372
172.19665379094707
172.05931968942429
171.92181442229662
171.78423740506406
171.64643833012394
171.5085570327804
171.37052528989886
171.2323396031804
171.09407506816717
170.95558487641736
170.81702310567505
170.67829260373412
170.53942620924903
170.4004625274707
170.26129137696046
170.12204878266994
169.98261833588046
169.8430708411889
169.7034068041956
169.56355426022702
169.4236303880899
169.28349874273027
169.14326965131727
169.00290398277534
168.86236950664215
168.72176379836577
168.58092963292324
168.4400183443336
168.29894970016227
168.15773264926497
168.01642936950773
167.87490636796056
167.73331217787955
167.59153914637346
167.44963877428057
167.30763062161165
167.16542386262927
167.02314596291004
166.88066706484778
166.73808252130414
166.59536799401837
166.45247658523903
166.3095140638767
166.16632775261522
166.0230580834966
165.8796356124957
165.73605855767087
165.59239974510598
165.44851506027925
165.30455920749515
165.16042715636326
165.01616335524125
164.87179440212518
164.72722239181428
164.58257919315767
164.43773585822373
164.29278410638076
164.14770328663542
164.00244270417855
163.85711089312397
163.71155450351003
163.56591349212925
163.42011901248273
163.27416850674382
163.1281357303495
162.9818754298492
162.83554374544835
162.68903374546488
162.54239186054244
162.39564292874394
162.24869052624473
162.10166665035175
161.95443920244847
161.80710437733273
161.65963734016617
161.51199123207675
161.36427354085467
161.2163266503046
161.06829721848356
160.9201100588389
160.77176853592204
160.62334087559722
160.4746869046639
160.32596109367847
160.17705172728463
160.0280129741935
159.87886239743335
159.72951032849187
159.58008625943972
159.43045253483638
159.28071462960028
159.13083896253943
158.9807868304846
158.83066251747334
158.68030221596928
158.52986312942826
158.37926013095367
158.22850586328516
158.07765991134954
157.92659004845308
157.77544764364183
157.62411500533335
157.47265642152172
157.32108004530951
157.1693048513257
157.01745688280727
156.86539222886512
156.71322703966607
156.5609178408993
156.40843498268873
156.2558790958366
156.10307998299558
155.95020578971486
155.79716130261835
155.643968337324
155.4906781944868
155.33716598498475
155.18358027869132
155.02979796988961
154.8758923441318
154.72186352008885
154.56763748528007
154.41333764596916
154.2588149143699
154.1041939633908
153.94942383444936
153.7944812647126
153.63946343936504
153.4841987370818
153.32885968383908
153.17334555841364
153.017683631514
152.861920897375
152.70593556536687
152.54987551957637
152.39361463804175
152.23723041815444
152.08071999288384
151.92401104965973
151.7672270067871
151.61021654131798
151.45310697800198
151.29584601100342
151.1384103600826
150.9808985672194
150.82313625468157
150.66529818180118
150.50728375404418
150.34911818286008
150.1908519409882
150.03235827937684
149.87378841397233
149.71501753780186
149.5561187165535
149.39709501509833
149.2378666276228
149.07856156872913
148.91903118766155
148.75939566811405
148.59961142760162
148.43964481860158
148.2796010460156
148.11930803452196
147.95893224875442
147.79838432059012
147.63767587426526
147.47687267188235
147.3158309105363
147.15471116963812
146.99339633587246
146.83194231495887
146.67037111887026
146.50858214467053
146.34671463738462
146.18462961046578
146.02242615486122
145.86008365425693
145.69754355807768
145.53492434939162
145.37206577190477
145.20910889723996
145.04599171135743
144.88269645928744
144.7193202815679
144.55568593336451
144.3919715295215
144.2280762073674
144.0640216392093
143.89986615923027
143.73547068859733
143.57099451817436
143.4063175382334
143.24149936594898
143.07656103862078
142.91140010668212
142.74615780340443
142.58069557333482
142.41510937943622
142.24938458873854
142.08345372658462
141.91744079366097
141.75118964997705
141.58483088586354
141.418315944523
141.2516105515282
141.0848223599523
140.9177785676933
140.7506425519332
140.58333370108826
140.41584904317244
140.2482747081002
140.08044058235564
139.91252249891224
139.74441590776453
139.57614711559955
139.40777374724368
139.23915340009125
139.07044829649362
138.90154006194606
138.7324821291055
138.56330580018653
138.39389417100492
138.22439695646125
138.05468310274256
137.88483088379556
137.7148475942317
137.54463948270342
137.37434492615859
137.2038214044345
137.03316961298165
136.86237528949567
136.69136535362293
136.52026808175705
136.3489307697282
136.17747397638038
136.0058644720927
135.83404722615472
135.66214172132499
135.4899864228108
135.3177190531091
135.14529014711738
134.9726599595698
134.79994055769245
134.6269630022019
134.4538793344789
134.28062673142426
134.10717782273846
133.933638711112
133.75983455340065
133.58592871658175
133.411848046201
133.23757448664452
133.06320970171242
132.88857452132532
132.71384049267027
132.5389273093344
132.36382301669028
132.18862644174345
132.01315574254474
131.83758734532742
131.66183712756674
131.4858958647915
131.30986122760865
131.13355043729706
130.95714133842455
130.78054948843914
130.60376486125915
130.42688573168562
130.24973020129613
130.07247390886405
129.8950357520213
129.71740120646626
129.53967099392906
129.3616659973205
129.18355585810656
129.00526664242338
128.8267754622963
128.64818741325652
128.46932814658499
128.29035734347696
128.11121223908933
127.93185754337213
127.75240473871148
127.57268631988993
127.39284786925026
127.21284196786719
127.03261670806123
126.85229206040438
126.67170952854734
126.49099627751103
126.31012459185544
126.12902154925605
125.94781780022574
125.76636611508053
125.58477073878667
125.40302820202086
125.22103998492517
125.03894970233091
124.85662374369358
124.67413874244961
124.49152020758729
124.30863924843368
124.12565482339161
123.94244939050907
123.7590670868868
123.57556732618946
123.39178587862904
123.20789952261364
123.02380933357054
122.83952186943216
122.65512871093424
122.47044570968978
122.2856494515149
122.10066914260646
121.9154684760608
121.73016060340191
121.54458386073355
121.35886954346279
121.17299366855204
120.98687157083936
120.80064071072985
120.6141647251817
120.42752400296666
120.24074703282744
120.0536950851319
119.86653277329627
119.67915195987679
119.49157629472248
119.30388938288962
119.11590220655543
118.9277997844504
118.7395084739498
118.55098913240562
118.36235686770418
118.17345536768389
117.98440397914096
117.79519641743363
117.60572446720938
117.41613786933252
117.22631623449482
117.03630682228757
116.84617716961905
116.65574347612451
116.46519336145681
116.27444569455778
116.08346899689111
115.89237489066898
115.70100654995704
115.5094835280135
115.31780384495781
115.12585039187991
114.93377767596759
114.74147328107941
114.54896775086652
114.35634192107244
114.16341008968695
113.97034903050957
113.77710245091316
113.58360459720836
113.38998450600965
113.19610635355562
113.0020470008715
112.80785201713667
112.61335180668755
112.41872736722796
112.22389661456799
112.0288287976147
111.8336356306564
111.638166278256
111.44252718063265
111.24673745839425
111.05065078194971
110.85443667549796
110.65800405673414
110.46133976400424
110.26454686587797
110.06746845211606
109.87022272581864
109.67282031908847
109.47512006319084
109.27728903025223
109.07923642947095
108.88094816918473
108.68252790001961
108.48382213800657
108.28494190828198
108.08590844428448
107.88656649785264
107.68709027598533
107.48739914783357
107.28745841856897
107.08738212345409
106.88703029417488
106.68648666444375
106.4858033369214
106.28479056021143
106.08363985279647
105.8822912157017
105.68066847493023
105.47890645225841
105.27688939770586
105.07465241766926
104.87227478102915
104.66958617244745
104.46673061636183
104.26370504553583
104.06036967705509
103.85689114575713
103.6531892618487
103.44922789447986
103.24512192561673
103.04074051951625
102.83614865167905
102.63141071888745
102.42634655213456
102.22111961777492
102.01571284704798
101.8099949344379
101.60412830218998
101.39803385766064
101.19167308042003
100.98516205275658
100.77837662172988
100.57136824143046
100.36420805380207
100.15672829353953
99.94906750424552
99.74123931639399
99.53307586172467
99.32475778911395
99.11623020114247
98.90740614730356
98.69842584777709
98.48919544094431
98.27970580168268
98.07005826146238
97.86012158626207
97.64996130463696
97.43964143885107
97.22899501480025
97.01815896226248
96.80715634886647
96.59580192944433
96.38428490490298
96.17256726338164
95.96052835617232
95.7483250850492
95.53588885653609
95.32316014193903
95.11026527521093
94.89710686910303
94.68368295253343
94.4700910657611
94.25620685949646
94.04208227040743
93.82778786275264
93.6131742015851
93.39834339247739
93.18334088570636
92.96799408247819
92.75245142789667
92.53673516537094
92.32065150028248
92.10439129579972
91.88793779459202
91.67113126183075
91.45414772301719
91.23695171853699
91.01941798038114
90.80170524176167
90.58376293158166
90.36549607328632
90.14704818728386
89.92835573550988
89.7093497596342
89.49016069549864
89.27071423252809
89.0509630578571
88.83102670058129
88.61082232285878
88.39031978331138
88.16962993253242
87.94866370230345
87.72740354582615
87.50595391471307
87.28422185977442
87.06219774722103
86.83998196134749
86.61748007479547
86.39468557879201
86.17169717499483
85.94842141497065
85.7248500187662
85.50108244398942
85.27702873342214
85.05267382972428
84.82812043984798
84.60328466619453
84.3781395559905
84.15279361464493
83.92717162962762
83.70122952098997
83.47508419835451
83.24867181769591
83.02192582457324
82.79497419616001
82.56776719931483
82.34021034030704
82.11244538572882
81.88443951561372
81.65606471273153
81.42747931445453
81.19867027717447
80.96947035458342
80.74005729666388
80.51043036427097
80.28040844398492
80.05016041079003
79.81969590665511
79.5888599215976
79.35776949650989
79.1264599624976
78.89480548774134
78.66286515184723
78.43070302693556
78.1982255994779
77.9654277302395
77.73240534918432
77.49910046765866
77.26543733756904
77.03154692955145
76.79741005393636
76.56287382915802
76.32810751641512
76.0931102712982
75.85771680672649
75.62206660316508
75.38618259508068
75.1499456153137
74.91340342510672
74.67662451277218
74.43953934016203
74.20209695632774
73.96441488666477
73.72647680356336
73.48812590652683
73.2495323132149
73.01069510048856
72.77146871780407
72.53195511981613
72.29219482572998
72.05210356141326
71.81166136153335
71.57096934050668
71.33000833447494
71.08862881779771
70.84699630588268
70.60510981097778
70.36283498906239
70.12025310241688
69.87741398909293
69.63425709341857
69.39071682676027
69.14691603900144
68.90285369479908
68.6583642882133
68.41359264629173
68.1685560814329
67.92317200524272
67.67742020412628
67.43140006110183
67.18511049136409
66.93837480969822
66.69136160335415
66.44407547670289
66.19643226064682
65.94841637654493
65.70012402426744
65.451554067615
65.20253974419
64.95323136587888
64.7036417580703
64.45370676127807
64.20337242314336
63.952753174261716
63.70184782504609
63.45052180370135
63.198862787965226
62.94691391067923
62.6946537974348
62.4419447514609
62.18894202468576
61.93564437207739
61.68197289367619
61.42790585583649
61.17353999015042
60.91887401846939
60.66377876386141
60.4083340215764
60.15258518683103
59.89653094760892
59.639999348506336
59.383156781411046
59.126004737200546
58.86850851423719
58.6105611982592
58.352300270126
58.093724357665465
57.83477048862677
57.57538944767024
57.31568919819041
57.05566833205198
56.79524382027765
56.53440778851355
56.27324682493523
56.01175948464087
55.7498511693675
55.48753844265619
55.22489493127799
54.96191915274663
54.69851370718523
54.43470213447001
54.17055379198843
53.906067158836436
53.64115108822848
53.375818062782656
53.1101421474916
52.84412178218548
52.57768142183827
52.310803872362996
52.04357717520426
51.77599973006306
51.50802124336453
51.23957562493714
50.97077446040088
50.70161610844919
50.43208548486129
50.16204776973255
49.89164796660602
49.620884392273794
49.349755351565406
49.078133113545235
48.806110005509424
48.5337163951797
48.26095054429338
47.987742790329456
47.71407120640142
47.440022238803735
47.165594105250925
46.890785010840084
46.61544048512603
46.3397103215747
46.06359391239678
45.787089417427765
45.510125012548926
45.23268728702662
44.95485607882782
44.67662950155915
44.39800565552708
44.1188579916242
43.83928492044842
43.55930903540687
43.27892838928907
42.998125472100924
42.716782923150994
42.43502995080071
42.15286455931768
41.87028473895941
41.587250709507856
41.3036923057622
41.01971365579502
40.73531270000385
40.45048736436175
40.165194250549206
39.87937325044307
39.59312189415016
39.306438056417385
39.01931959714334
38.73173896192304
38.443607347263836
38.155034971691194
37.86601964248241
37.57655915163379
37.28665127575766
36.996170529507715
36.705227504841176
36.413830749952076
36.12197798706866
35.82966692259107
35.53683293519831
35.24346828151663
34.949638808670514
34.65534216721748
34.360575991433116
34.06533789920293
33.769520119437495
33.47320524425395
33.17641171743651
32.879137099186146
32.58137893284906
32.28313474480646
31.984285333213478
31.684940479167686
31.385102643877794
31.08476929415405
30.78393787936542
30.482605831325994
30.18067596191903
29.878218656025638
29.575253526112604
29.271777942494708
28.967789257444096
28.663284805074568
28.35822464753415
28.05256961677938
27.746391389682632
27.439687236887604
27.132454410380646
26.824690143372564
26.51639165017901
26.20750793030961
25.898027900515878
25.588005923507758
25.2774391477289
24.966324702216077
24.654659696477758
24.342441220371388
24.029658909069465
23.716226844448755
23.402233286013846
23.087675255291483
22.77254975363379
22.456853762092962
22.140584241296022
21.82373813131841
21.506310181082107
21.188212024699627
20.869528892349518
20.550257652855016
20.230395153950724
19.909938222153855
19.588883662635908
19.26722825909309
18.944968773616747
18.62209957974436
18.298542488808295
17.974372498513173
17.649586296288017
17.32418054740548
16.99815189484963
16.671496959183457
16.34421233841654
16.01629460787145
15.687740320050622
15.35854600450183
15.028670646089708
14.698119371463044
14.366918690643162
14.035065054167092
13.702554889050806
13.36938459865302
13.0355505625399
12.70104913634827
12.36587665164863
12.030029415808745
11.693503711855803
11.356295798339048
11.018401909191418
10.679806930262828
10.340480796552374
10.000458598666338
9.659736486201666
9.31831058355953
8.976176989805882
8.63333177853282
8.289770997718568
7.945490669588253
7.600486790473528
7.254755330673305
6.90829223431324
6.561093419205147
6.2131547767073965
5.864472171583801
5.515041441862946
5.164858398698271
4.8139188262265336
4.462218481427582
4.109753093983185
3.756518366136453
3.402509972551324
3.0477235601710175
2.692154748078383
2.335799127354315
1.9786522609376522
1.6207096834847805
1.2619669012292478
0.9024193918412509
0.5420626042880767
0.18089195869431113
-0.1810971537981299
-0.5439093711693564
-0.9075493606600077
-1.2720218189107775
-1.6373314721006464
-2.003483076084886
-2.3704814165330106
-2.738331309066473
-3.107037599395287
-3.476605163454467
-3.8470389075406937
-4.218343768447626
-4.5905247136008285
-4.963586741192106
-5.337534880314337
-5.712374191093612
-6.088109764822448
-6.464746724092154
-6.842290222923005
-7.220745446895627
-7.600117613280201
-7.980411971165752
-8.361633801587603
-8.743788417654725
-9.126881164676156
-9.510917420285665
-9.895902594566182
-10.281842130173173
-10.668741502455816
-11.056654035870123
-11.445553751327754
-11.835432425856876
-12.226295689411792
-12.618149205346185
-13.010998670527334
-13.404849815447768
-13.79970840433623
-14.195580235267574
-14.592471140269655
-14.990386985429582
-15.38937367774024
-15.789449531149893
-16.19057089561268
-16.592743798423705
-16.995974301544415
-17.400268501695734
-17.805632530450257
-18.212072554321747
-18.61959477485201
-19.02831692823286
-19.438140111042276
-19.84906730684902
-20.261104883075483
-20.674259242663624
-21.088536824146818
-21.503944101717114
-21.920620297494512
-22.33844565079594
-22.757423529710778
-23.177560577339204
-23.598863472815033
-24.02133893135341
-24.445137262683808
-24.870136656831548
-25.296332339939887
-25.72373119814333
-26.15234015390845
-26.58225982501231
-27.013485435399836
-27.4459456404173
-27.87964753462815
-28.314598249054285
-28.75093167697146
-29.188594980380184
-29.62753237776817
-30.06775117282036
-30.50929782956679
-30.952309812629892
-31.396629110278017
-31.84226319884702
-32.289228643786736
-32.7377387331397
-33.187590173892815
-33.63879061448873
-34.091386949418755
-34.54554842193181
-35.00108609670309
-35.458007793140794
-35.91645369784349
-36.37642367329639
-36.8378055108791
-37.30062872889352
-37.765127946763286
-38.23106736684856
-38.698455109724556
-39.16753047581358
-39.638126780078665
-40.11020037211969
-40.5839697481236
-41.05932408216145
-41.53618515511178
-42.01479113487525
-42.49500646631652
-42.976758465601876
-43.460346825393245
-43.9455279160753
-44.43233154156489
-44.92099574008196
-45.41124911175604
-45.90328988011309
-46.397103419746905
-46.89254019387234
-47.389969528793884
-47.88904188926571
-48.38997985396306
-48.8927472017846
-49.3972686650127
-49.903788162164496
-50.41200580234111
-50.92230148901022
-51.43435247643619
-51.94842567005377
-52.464368601369095
-52.98230091949586
-53.50219496769576
-54.02406913004475
-54.54797402074814
-55.073873819338424
-55.60184980475547
-56.13186007042913
-56.66396790090303
-57.198174465996644
-57.734475358989826
-58.27296501593884
-58.81352062233386
-59.35638107798458
-59.901261785371034
-60.44857327095275
-60.99796490837468
-61.54969338027456
-62.103685872104634
-62.65989425538534
-63.21857823895199
-63.77946887813361
-64.34279645552961
-64.90852327543871
-65.47654084396652
-66.04715097860256
-66.6201510719634
-67.19552718757805
-67.77358388678185
-68.35409019307248
-68.9370587768167
-69.52272627336848
-70.11097365742704
-70.70177032865223
-71.29521261418897
-71.89143721322573
-72.4902986064269
-73.09182907440369
-73.69611740258748
-74.30328040029801
-74.91320027713576
-75.52590944617961
-76.1414403461591
-76.75989559112378
-77.381317671875
-78.00564881780656
-78.632921282539
-79.26316725261398
-79.89641882570845
-80.53270798795697
-81.17211653398651
-81.81465762946257
-82.46032093386215
-83.10913768180893
-83.76113887601714
-84.41635525921639
-85.07481728506697
-85.73655508804435
-86.40159845227805
-87.0699767793318
-87.74171905491055
-88.4168538144793
-89.09540910778567
-89.77741246227254
-90.46289084537449
-91.15187062568549
-91.84437753299753
-92.54044349884406
-93.2401774648821
-93.94352172286364
-94.65049891112787
-95.36113079827784
-96.07543823595246
-96.79344111047334
-97.51529594289228
-98.24091738458762
-98.97029682567698
-99.70344956082619
-100.440526118041
-101.18147932827875
-101.92625230507588
-102.67493128083821
-103.4276140839813
-104.18414857168251
-104.94466424421378
-105.70918422278211
-106.47757108600123
-107.25009791961585
-108.02650715375711
-108.80698516618736
-109.59142247376592
-110.37989658999437
-111.17234514396173
-111.96883367932132
-112.7692522378228
-113.57374444875994
-114.38210446377431
-115.19451907007942
-116.01082070689336
-116.83098551113623
-117.65513336205802
-118.48307290131036
-119.314780884263
-120.15034785033042
-120.98961541260532
-121.8325272669751
-122.67903519855156
-123.52913948316717
-124.38273726268022
-125.23973046297337
-126.1000429750639
-126.96359110847027
-127.83028344182937
-128.70002069017883
-129.57269559040546
-130.44819280635318
-131.32638885505258
-132.20715205550675
-133.09034250141394
-133.97581205914477
-134.86340439222332
-135.7529550134497
-136.64429136572292
-137.53723293247833
-138.43159137852996
-139.32717072195996
-140.22376753752982
-141.12117756325154
-142.01917552062372
-142.91753030898218
-143.816010379919
-144.71437828686655
-145.61237770726297
-146.50976147641023
-147.40627669458019
-148.30165699007136
-149.1956125347557
-150.0879022531322
-150.9782591913759
-151.8663437649825
-152.75193928895266
-153.63477675726358
-154.51448834139038
-155.39088113510763
-156.26368211546753
-157.1325122052612
-157.9972141270693
-158.85749093558792
-159.71300406218126
-160.56360873078495
-161.4089864810657
-162.24886555200786
-163.08310757555915
-163.91138485493306
-164.73349122610597
-165.54930011576303
-166.35850647503074
-167.16092857693624
-167.95647454764338
-168.74491758770398
-169.52600987360918
-170.29973936413177
-171.06596555919407
-171.8244497830248
-172.5751093277599
-173.31790961915027
-174.05275284128524
-174.77955155840075
-175.498087255891
-176.20844143228283
-176.91056040707312
-177.60439862092045
-178.28992028752478
-178.96709919269514
-179.63591846973242
-180.29637035308363
-180.9484559122555
-181.59218476799828
-182.22757479277644
-182.8546517975342
-183.47344920673427
-184.0840077236137
-184.68637498755353
-185.2806052253943
-185.8667588984593
-186.4449023469772
-187.01510743350164
-187.5774511868404
-188.13189103939897
-188.67854188205996
-189.21756822182095
-189.74906433776533
-190.27300356892516
-190.7894320680739
-191.29861132001608
-191.80056715024125
-192.2952043621017
-192.7828977255091
-193.2635442567588
-193.73726363557523
-194.2042998171271
-194.66442833234584
-195.11815160886997
-195.5650976634039
-196.0058436579703
-196.43999559946803
-196.86810938971888
-197.2898595156196
-197.7056615979296
-198.11543582028042
-198.51926555843315
-198.91742618234446
-199.309674930289
-199.69635822238644
-200.07759399315597
-200.4531916459315
-200.82344634187427
-201.1884754931615
-201.5482894018137
-201.90283094174254
-202.25236761586189
-202.5969670664179
-202.93669671657238
-203.2715371855875
-203.6015662868098
-203.9269414921062
-204.24772879089457
-204.56399378348226
-204.8758016538348
-205.1832171438822
-205.48630452931997
-205.78512759686691
-206.0797299602254
-206.3701787889707
-206.65656459770756
-206.93894876464034
-207.2173920834152
-207.4919547486184
-207.76269634242246
-208.02967408015178
-208.29289849893706
-208.55246552764635
-208.80843244810853
-209.06085587878852
-209.3097917672445
-209.5552953834807
-209.797421314158
-210.03622345762852
-210.27175501975904
-210.5040194062904
-210.73301040559676
-210.95887748469934
-211.18167130454862
-211.40144182118757
-211.61823828546534
-211.83191914730853
-212.04270298142512
-212.25064893227176
-212.45580367741525
-212.65805349986718
-212.85752101256935
-213.0543266785749
-213.24851331821128
-213.43986141077022
-213.62867209082455
-213.81498763535063
-213.99864262379526
-214.1797994289613
-214.3585788295169
-214.53480289836722
-214.7086340700787
-214.88020077055273
-215.04924650821783
-215.21606757785804
-215.38064229098777
-215.54284415296468
-215.70295814197283
-215.8607486738677
-216.01643346190764
-216.16999442433638
-216.32136868559786
-216.47078984204367
-216.61796933577511
-216.76328751301503
-216.9064361790679
-217.04773280862202
-217.18696528452568
-217.32434873278999
-217.4597480854419
-217.59332395074398
-217.72497144411545
-217.85484260067082
-217.98281771921012
-218.1090843624027
-218.23346483539467
-218.35622452819587
-218.47708635496468
-218.59639941117194
-218.71385155116693
-218.82975066803903
-218.94392548296653
-219.056482632092
-219.16746907101344
-219.27675458342634
-219.38459212537072
-219.49072176853088
-219.59538465716537
-219.69853547834018
-219.80009023442216
-219.90026387439556
-219.99885472507316
-220.09601202862552
-220.19182022760728
-220.28602406377004
-220.37891023806898
-220.4704369100072
-220.56045644337956
-220.6491938487295
-220.73659618596434
-220.82255098610298
-220.90725811955792
-220.9906875150147
-221.07269336159982
-221.1534849569685
-221.23307173982323
-221.3112561609052
-221.38824328872494
-221.46405772181132
-221.53859926898343
-221.61188943618316
-221.68403804086614
-221.75505389835365
-221.82476748396198
-221.89335334353143
-221.96083636649632
-222.02720964622281
-222.09233250400789
-222.1563815098561
-222.21936489175604
-222.28129080886708
-222.34200357446136
-222.40167637756775
-222.4603193088114
-222.5179402158767
-222.57445968270292
-222.62991037874815
-222.68436554638112
-222.7378327326768
-222.79031942093818
-222.8417270891684
-222.8921409195101
-222.94159946446223
-222.99010991962575
-223.03767941952162
-223.0842552561494
-223.12984426622157
-223.1745163081648
-223.2182782414032
-223.2611368669083
-223.3030989276501
-223.34411059471375
-223.3841958605557
-223.42340717454277
-223.4617510189289
-223.49923382051242
-223.53586195107238
-223.5716417278024
-223.60651108923997
-223.6405265064754
-223.67371469114818
-223.70608171565334
-223.73763360024608
-223.7683763134607
-223.79831577252696
-223.82745784378443
-223.8557647898299
-223.8832610103096
-223.90997938856864
-223.9359255633135
-223.9611051246864
-223.98552361466372
-224.0091865274516
-224.0320993098794
-224.05426736179095
-224.07569603643304
-224.09639064084178
-224.11630863820332
-224.13550434748367
-224.15398358217334
-224.1717514433513
-224.1888129880477
-224.20517322961308
-224.22083713808644
-224.23580964055998
-224.2500956215419
-224.26369992331706
-224.27662734630417
-224.2888826494121
-224.3004705503926
-224.3113957261911
-224.32166281329512
-224.3312764080802
-224.34024106715373
-224.34856130769572
-224.35623800495333
-224.3632664644727
-224.36966535918907
-224.37543903162197
-224.38059178676335
-224.3851278924031
-224.38905157945135
-224.3923670422594
-224.39507843893796
-224.39718989167284
-224.39870548703885
-224.3996292763109
-224.39996527577313
-224.3997174670256
-224.39888979728917
-224.39748617970724
-224.39551049364604
-224.39296658499225
-224.38985826644864
-224.38618931782736
-224.3819634863409
-224.3771844868911
-224.37185600235577
-224.36598168387314
-224.35956515112434
-224.35260540511686
-224.34509872608095
-224.3370594140451
-224.32849098078873
-224.3193969078293
-224.3097806466936
-224.29964561918695
-224.2889952176597
-224.27783280527262
-224.26616171625935
-224.2539852561871
-224.24130670221535
-224.22812930335257
-224.21445628071064
-224.20029082775736
-224.18563611056715
-224.17049526806943
-224.15487141229517
-224.13876762862168
-224.12218697601475
-224.1051324872697
-224.08758809712995
-224.06955717092507
-224.05106054385158
-224.0321011580818
-224.01268193063936
-223.99280575362985
-223.9724754944695
-223.95169399611223
-223.93046407727414
-223.90878853265744
-223.88667013317112
-223.8641116261506
-223.84111573557564
-223.81764282565604
-223.79373153477258
-223.76939022899472
-223.74462155090293
-223.71942812064776
-223.69381253615893
-223.6677773733517
-223.64132518633164
-223.61445850759844
-223.58717984824642
-223.5594510657231
-223.53129965899865
-223.50274310936248
-223.47378385291324
-223.44442430520334
-223.41466686143235
-223.3845138966377
-223.3539677658844
-223.32303080445303
-223.2916479132707
-223.2598738802825
-223.22771541363934
-223.19517477895187
-223.16225422284845
-223.1289559731548
-223.09528223907208
-223.06123455704858
-223.02674951311047
-222.9918950655118
-222.95667335759885
-222.92108651485444
-222.8851366450686
-222.84882583850725
-222.8121561680793
-222.7750780559311
-222.73762535409784
-222.69981952439042
-222.66166257804218
-222.6231565096457
-222.5843032973128
-222.54510490283306
-222.5054938639219
-222.46553570146716
-222.42523781103375
