0.0
0.28657773542528375
0.5739318026534458
0.8620678279604252
1.150991487454489
1.440708507552402
1.7312246654604564
2.022545789660404
2.314677760400351
2.6076265101906513
2.901398024304875
3.195998341285883
3.49143355345707
3.7877098074388327
4.084833304670308
4.38281030193645
4.681647111900483
4.981350103641807
5.281925703199393
5.5833803941207405
5.885720718016437
6.188953275120401
6.493084724855847
6.798121786407037
7.104071239296882
7.410939923970449
7.718734742384432
8.02750962276436
8.337245225338963
8.647931046907551
8.959574280305468
9.272182183357906
9.58576207951141
9.900321358471832
10.215867476848816
10.532407958806848
10.849950396723017
11.168542054796754
11.4882098606548
11.80890624416407
12.130639120987787
12.453416478887236
12.777246378426357
13.102136953683537
13.428096412970682
13.755222347373609
14.083470704501995
14.412816834128016
14.743269296996392
15.074836732336843
15.407527858634301
15.74140952531081
16.076523536856822
16.41279200664661
16.75022402991814
17.08882878572128
17.42861553774266
17.76975214196709
18.112104950081456
18.45567253302842
18.800464557331996
19.14650708089064
19.493968925364282
19.84268947452827
20.19267881716706
20.543947135835857
20.896653234727665
21.250725765819876
21.606113443301695
21.96282689685303
22.321036141526733
22.68066899364873
23.041665444474475
23.404036592455128
23.768039011549877
24.133450317072818
24.500275876622638
24.868665592781493
25.23862854254656
25.61004672119403
25.983008405649883
26.357664919485813
26.733819110482518
27.111545421802056
27.491042756047847
27.87208174679477
28.254773677486845
28.6392646395625
29.02534282845317
29.413210066341854
29.802853237943363
30.194130859903744
30.587392164784674
30.98235213398263
31.379150995280995
31.77787909108497
32.178326983010486
32.58091139922547
32.985252399184546
33.391654850891385
33.799980918616626
34.210321555733195
34.62272695108174
35.03713013906834
35.453711788719076
35.872305946320935
36.293163523265825
36.716081253517025
37.141317258792455
37.568695483950385
37.998415330645244
38.43039543112792
38.864707530703036
39.301435488097084
39.74045133904718
40.18207788324999
40.62600902928715
41.072592922688926
41.521667320732966
41.97325923922781
42.4276406720522
42.88455894746026
43.344221614763605
43.806713297360304
44.27189326808045
44.73995473307508
45.21098875133828
45.684871193402955
46.16167517228306
46.64170731568482
47.12475717860911
47.610886987300994
48.10017482011479
48.592882494081415
49.0888527786262
49.58815304627394
50.09085212634765
50.59702033487102
51.10685217364296
51.62031736101821
52.13745693346267
52.65834696315547
53.18306515295879
53.71169086873487
54.24430517206602
54.780990853363875
55.32183246535203
55.86691635690445
56.41633070721952
56.97016556030832
57.528512859772405
58.09146648384427
58.659122280661016
59.2315781037389
59.808933847612984
60.391291483603275
60.97881063198072
61.57170014344986
62.1699361933306
62.77363016338293
63.38289570594759
63.99812383900916
64.61923290649041
65.24629847421777
65.87973575216863
66.51953111846547
67.16577118889496
67.81894499879337
68.47878901663964
69.1460124947953
69.82027515591824
70.50228274632354
71.19185315121912
71.88938416796623
72.5951876662064
73.30930160260561
74.03203609385082
74.76390557589305
75.50494342647927
76.25546700271357
77.01580288517084
77.78628695393076
78.5672644418048
79.3590899616809
80.16212750463404
80.97675040515998
81.80334126958066
82.64245060648152
83.49454675359209
84.35988472928163
85.23923110147236
86.13293278612383
87.04170341776529
87.96589309558313
88.90648294420295
89.86390070437328
90.83883863776343
91.83205737132614
92.84432981674709
93.87643832284697
94.9291713179766
96.00369087693966
97.10058393415187
98.22102442941257
99.36580260111057
100.53612091502596
101.73300823588201
102.95745278619545
104.21064761045254
105.49342101153064
106.80686199338979
108.15178911906726
109.52915092845026
110.93949760758066
112.38324033875132
113.86027081841569
115.37043498218101
116.91273584436139
118.48573730926
120.0871882941451
121.71405480262082
123.3623155514405
125.02703747872962
126.7022918782648
128.38136345744496
130.0568838723278
131.72111346995393
133.36625390679689
134.98475766104798
136.56980647179023
138.11543946811761
139.61679441520732
141.06999915516863
142.4726624778116
143.82322536698894
145.1212270886951
146.36683849688202
147.56097745976513
148.7051827895582
149.80081706331052
150.85016129806266
151.8551830579562
152.81803363259087
153.7409855256462
154.62582549990975
155.47503252522293
156.2903476267592
157.07364338038553
157.82680656760138
158.55135574766533
159.24908039038655
159.92149828032493
160.56973132397712
161.19529826331183
161.79941961955205
162.3831571570769
162.947535006717
163.4935385987976
164.02211402787773
164.5341677904222
165.03056684169846
165.51188036090295
165.9789118735537
166.432358436318
166.87277542153905
167.30070406881828
167.71685207284307
168.12160752031667
168.51535793528174
168.89870324670952
169.27204794820716
169.6357815575425
169.9902789990242
170.33590099551827
170.6729944673187
171.00189293540484
171.3228224143801
171.6360506814427
171.94197548331513
172.24088307894675
172.53279601200046
172.81812450368218
173.09714410453006
173.3698007035421
173.63666563161195
173.89750551068298
174.1529327118992
174.40273054648455
174.64736990307705
174.88687105847438
175.12133971547468
175.3510843204288
175.57610829205123
175.79651372338597
176.01255686453067
176.2243439280326
176.43191507915964
176.63534666797776
176.8348446481083
177.03050395291663
177.22241706532222
177.4106740784221
177.59536275490393
177.77656858524978
177.95437484473544
178.1288626492311
178.30011100981073
178.46819688617958
178.6331952389297
178.79517908063548
178.95421952580222
179.1103858396802
179.26374548595965
179.41436417336183
179.5623059011418
179.70763300351902
179.85040619305337
179.99061006961085
180.1283148545202
180.26363037198803
180.3966116450345
180.52731226384017
180.65566726361806
180.78178234760387
180.90576292921392
181.02765756178258
181.14734300611335
181.2649973421992
181.3806987820431
181.49436937456932
181.60606618896554
181.71593432264316
181.82387108379876
181.92995563924842
182.03432747387717
182.13679579558695
182.237591402326
182.33668653423007
182.43403310584048
182.52984253711952
182.62387096697776
182.71641820976322
182.80731541198938
182.89671539176592
182.98456921122173
183.07093244230353
183.15582776837869
183.23926052617858
183.32127939901991
183.40188388575763
183.4811055986617
183.5589801027411
183.63548130083987
183.71072035011952
183.7845751254841
183.85726845465754
183.92854961794703
183.99869738665467
184.06756147901925
184.13523202694623
184.20176178625607
184.2670211966962
184.33121492001248
184.3942083876354
184.45608112918106
184.51692477359828
184.57654471835892
184.63515349893447
184.69273712390338
184.749169263394
184.80463139799517
184.85909693156407
184.912462061359
184.96488972760082
185.01637884448112
185.0667856099298
185.1162860911952
185.1648890448293
185.21248572631404
185.2591616430999
185.3049695591772
185.34989236499675
185.39384189502687
185.43695172704523
185.47922983667098
185.52063748251746
185.56114200656162
185.60084162438602
185.63974390760183
185.67783290463865
185.71504172504575
185.75147862575685
185.78715079693598
185.82206534863715
185.85616006471713
185.88947386043736
185.92205385042627
185.9539067889074
185.98503935526765
186.01540446554867
186.04502287480918
186.0739432344287
186.10217189178377
186.1297151243227
186.15657914039258
186.18270614638936
186.2081516541531
186.23293863798915
186.25707300012957
186.28056057821772
186.30340714606916
186.32561831366425
186.34713474038807
186.36802934922747
186.3883076316716
186.4079750195322
186.42703688564325
186.44549854455295
186.46336525320677
186.4806422116225
186.49730987915828
186.51337543758885
186.52886845776501
186.54379388850106
186.55815662536241
186.5719615112872
186.58521333720037
186.59791684262
186.6100767162569
186.62169759660645
186.63278407253347
186.6433406838499
186.65336854977937
186.6628519017907
186.67182032872722
186.6802781546786
186.68822965782664
186.6956790709779
186.7026305820897
186.7090883347898
186.71505642889005
186.72053892089338
186.7255398244954
186.73006311107923
186.73411271020527
186.7376925100941
186.74080635810444
186.743458061205
186.74565138644067
186.74739006139342
186.7486777746372
186.74951817618805
186.74991487794819
186.74987145414542
186.74939144176673
186.7484783409872
186.74713561559346
186.74536669340245
186.74317496667481
186.74056379252374
186.73753649331866
186.73409635708444
186.73024663789562
186.72599055626603
186.72133129953386
186.71627202224215
186.71081584651478
186.70496586242803
186.6987251283776
186.69209667144145
186.68508348773867
186.67768854278344
186.6699147718352
186.66176508024483
186.65324234379665
186.64432950484365
186.63504578164984
186.62539666713556
186.61538493548062
186.60501333274615
186.59428457719605
186.58320135961395
186.57176634361753
186.55998216596834
186.54785143687837
186.535376740313
186.5225606342902
186.50940565117665
186.49591429797997
186.4820721944891
186.46788089588668
186.45335997073514
186.43851183824322
186.42333889350306
186.40784350776497
186.392028028709
186.37589478071365
186.35944606512092
186.34268416049906
186.32561132290144
186.30818825567414
186.29045811368476
186.27242315898434
186.25408556918464
186.23544750048725
186.21651108792707
186.1972784456135
186.17775166696885
186.15792310008047
186.1377671180845
186.11732271519645
186.09659191241448
186.07557671106602
186.05427909303165
186.03270102096667
186.01084443852002
185.98868886720177
185.96622944337696
185.9434968495621
185.92049296253035
185.8972196409844
185.8736787257626
185.84987204004233
185.82578135072328
185.80139333438888
185.77674458537527
185.75183686443057
185.72667191551417
185.7012514659881
185.67557722680624
185.6496037854671
185.62336858932954
185.59688435793967
185.5701527439711
185.54317538450198
185.51595390119314
185.48844985809143
185.46068379924705
185.43267814521215
185.40443446264968
185.3759543035711
185.34723920550437
185.31823808300348
185.28899406820233
185.25951942930473
185.22981565193894
185.19988420797154
185.16970873972767
185.13926066063277
185.10858906331373
185.07769537013237
185.0465809903772
185.01524732041358
184.98363207996442
184.9517962121688
184.91974500888963
184.88747981977994
184.85500198221894
184.82225674268724
184.78928803867865
184.75611048996313
184.7227253893675
184.68913401806347
184.65527756279204
184.62120625697307
184.58693233968495
184.5524570496099
184.51777917960678
184.48283217995288
184.44768735833293
184.4123459124704
184.37680902946357
184.3410515084229
184.3050531778936
184.26886282731323
184.2324816047235
184.19591064808364
184.15909079321307
184.12206829338825
184.08485934860505
184.04746505958335
184.00985951448396
183.97202114107742
183.93400061632556
183.89579900505913
183.85741701862804
183.81877858276303
183.7799621602196
183.7409687812435
183.70179946727467
183.6623962620723
183.62279917849264
183.5830291452187
183.54308715072432
183.5029283015525
183.4625653624223
183.4220333611485
183.3813332544436
183.34042734883073
183.29931294206034
183.2580332455284
183.2165891853495
183.1749446213093
183.13309273048614
183.09107921100124
183.0489049594956
183.00652994944622
182.96395416666041
182.92122030878917
182.87832924408593
182.83523181866886
182.7919453569267
182.748504269787
182.70490939816534
182.66109740996635
182.61711311520565
182.572977544363
182.52869151203038
182.48417263920572
182.4395030019263
182.3946853409094
182.34969939277423
182.30450219521356
182.25915936173678
182.21367166318578
182.16799124928752
182.12212957666588
182.07612536003458
182.02997934649406
181.98361169687615
181.93709712782433
181.89044301835648
181.84362114819612
181.7966022755254
181.74944607315857
181.70215324866558
181.65465583465848
181.60700342898116
181.55921655089082
181.51127256463568
181.46312973411858
181.41485453756883
181.3664476454988
181.31783937226015
181.2690814845135
181.22019394999447
181.17114646756465
181.12191141021196
181.07254871381394
181.02305901416176
180.97335808074814
180.92352560044552
180.87356807017798
180.8234350146246
180.773138027888
180.72271790564523
180.67215548748555
180.6213991733297
180.57052160016678
180.5195233578212
180.46832197773128
180.4169919991042
180.36554317758583
180.31391915031463
180.26214171802468
180.21024723320534
180.1582031729601
180.10598314705712
180.0536478238653
180.00118630451334
179.94852845515965
179.89575702942653
179.8428725633024
179.78978959429963
179.73658671456678
179.68327247015506
179.62977830354856
179.57614853283775
179.5224090406709
179.46850611309355
179.41445393063984
179.36029363819685
179.30598434816704
179.25151415111552
179.1969374245032
179.14222413289696
179.08734023796427
179.03235136356315
178.97723639407818
178.92194303917955
178.8665462252558
178.81103186486777
178.75533321071012
178.699532588994
178.64362108840533
178.58752122004722
178.5313208472788
178.47501442135984
178.4185173497393
178.3619212091819
178.30522203740483
178.2483317008353
178.19134370375775
178.13425393062323
178.07697419625856
178.01959818338688
177.96211991884343
177.90445458411264
177.8466943270515
177.78882964690817
177.73078244092048
177.67264164354526
177.61439258987713
177.55596717479796
177.49744947461832
177.43881805616536
177.38001802856385
177.32112699805887
177.26211519061835
177.2029440827872
177.14368323071307
177.08429297752502
177.02475425877296
176.96512703144379
176.9053602435704
176.84545732148823
176.78546710403054
176.725325660729
176.6650618824293
176.60471200001032
176.54419774909962
176.48357640243117
176.42287012146238
176.36198487968383
176.30100919442086
176.23993912887173
176.17869527710823
176.1173684261154
176.05593003731383
175.99433702229248
175.93266212266573
175.87085715119736
175.80891805506363
175.74689816924774
175.6847283258358
175.62244617671814
175.5600843136013
175.4975512794412
175.43492905253262
175.37221504430923
175.30933359560635
175.2463742142244
175.18329948239847
175.12008272573811
175.05678906236264
174.99335521573582
174.92980599144164
174.86618086873145
174.802389487704
174.73851058685693
174.6745410224888
174.61040941552636
174.54620358094868
174.48187880020444
174.417421992531
174.35289191975062
174.28821343337165
174.22343409036986
174.15857930914655
174.0935517199528
174.02845246119333
173.96324618927778
173.8979003396258
173.83248373978125
173.76692742011286
173.7012658558911
173.63553444563178
173.56962949453154
173.50365471813717
173.4375759741999
173.37135879245847
173.3050732636639
173.23864796347826
173.17212158286415
173.1055235127854
173.0387572142222
172.97192402572634
172.90498141624516
172.8379098198066
172.77077217395163
172.70348633766858
172.63611176761367
172.56865480224948
172.50104419950958
172.4333689408951
172.3655706703384
172.2976608211374
172.22968712059705
172.16154879476647
172.09334192064068
172.02503402818598
171.9565948313322
171.88809311659597
171.81944699764023
171.75071433731588
171.68189955241772
171.61293677314632
171.54391277319266
171.47476153597438
171.4055087553972
171.3361897258253
171.26670896763062
171.19716825090416
171.12751448940782
171.05774709558366
170.98792047362326
170.91793309764125
170.84788107639156
170.77772730490764
170.70745065019318
170.63711597654853
170.5666302230691
170.49607215755555
170.4254208118343
170.3546400980941
170.28380254257064
170.21282079561016
170.14176179817588
170.07061523655136
169.99933551918636
169.92800010619712
169.8565246730891
169.78496971210853
169.71333021659382
169.6415564084441
169.569728020878
169.49776113334914
169.42571503705244
169.35358481440628
169.2813216895322
169.20900507250147
169.13654888771995
169.06401634789802
168.99139753066387
168.91864972800897
168.8458494924795
168.77290609407564
168.69989166966894
168.62678631718683
168.55355834412586
168.48027897043337
168.40685036949387
168.33335849006883
168.2597685894605
168.18606482523572
168.11231066649168
168.0383988025274
167.96443377164277
167.8903612387711
167.81618593782045
167.74195294109361
167.66756796509836
167.59313396356558
167.51858064396842
167.44393793914784
167.3692247554049
167.29437392402554
167.21947501306525
167.14444268286448
167.06933658856815
166.9941449709899
166.918832252195
166.84347237649354
166.76796274327933
166.6923971584603
166.61672879198554
166.5409580393832
166.4651311193689
166.38915573374217
166.31313444483598
166.23699094701442
166.16076590274196
166.08446437573275
166.0080360938584
165.9315627776126
165.8549456994344
165.77826999695415
165.70149539193403
165.6246178043495
165.54768583509173
165.47060685726427
165.39348402406947
165.31623780453384
165.2389143967765
165.1615112864169
165.08398778279587
165.0064212430277
164.92870480776043
164.8509389629537
164.77306608887469
164.69510140189922
164.6170722349661
164.53890916270728
164.46070416406138
164.3823628399365
164.30396021302937
164.22546301991034
164.1468632062352
164.06821028076698
163.98941371598656
163.9105762959428
163.83161230649395
163.7525788595859
163.67345953391836
163.59423048083434
163.51495594641847
163.4355317021637
163.35606763671598
163.27648305813184
163.19682449394915
163.11708507542437
163.03723241293673
162.95733827289996
162.8772919069953
162.7972067184233
162.71700348169517
162.6367252512685
162.5563676349042
162.47589674331675
162.39538485683087
162.31472167936897
162.23402064365797
162.15320053664422
162.07230784663685
161.99133378482117
161.91024980197372
161.82912188607952
161.74784696656917
161.6665351204892
161.5850997898987
161.50359760959742
161.42200871405245
161.34031654222417
161.25857417377466
161.17669234795733
161.09477449581308
161.01272544910933
160.93061851708896
160.84841626075524
160.7661205732447
160.6837651907705
160.60128106711616
160.51876178717887
160.4361003944067
160.35339322487926
160.2705789437236
160.1876841911156
160.10471709661374
160.0216350625067
159.93851522759925
159.85524620867506
159.77194309753318
159.68851799228162
159.60502840841153
159.52145076905992
159.4377749966842
159.35404488784985
159.27018320639598
159.18628823696136
159.10225337475845
159.01817298238342
158.9339858321822
158.84972028411636
158.765380902309
158.68093046110639
158.59643890204364
158.51180382558826
158.4271364417743
158.34234068311613
158.25748911764663
158.17254133259414
158.0875058315112
158.0024060663066
157.91718687107536
157.83193516994763
157.7465325174801
157.66109849364145
157.57554304532925
157.48992598629084
157.40421872271799
157.31841885386422
157.2325598112611
157.14657735351022
157.06056423586045
156.97440173594717
156.88820642764105
156.80189224549025
156.71551495615148
156.62904912007818
156.5424900549466
156.45587259129962
156.36913195125248
156.28236151358055
156.19544086599166
156.10848922167418
156.02141701380873
155.93428435270528
155.84706060309512
155.75974711077916
155.6723718360137
155.58487769379218
155.49735090852303
155.40967629345562
155.32197286537
155.23414309531913
155.14625952697625
155.05827827879412
154.9702147365449
154.88208201717617
154.79383866319444
154.70555447766793
154.61713146996783
154.52868042425249
154.4400933138548
154.3514629187349
154.26272434581293
154.17391474882808
154.08502471078893
153.9960360553839
153.90699454773943
153.8178269732805
153.72863209932382
153.63928763144256
153.54991411514504
153.46041815286114
153.37086612333007
153.28121865461287
153.19148823693666
153.10168924787925
153.0117805631426
152.92183003796566
152.83174320326415
152.74162990500105
152.6513762527744
152.56108504820514
152.47067980132098
152.38021079751948
152.28965393274353
152.19900723284837
152.10829872509117
152.0174744283189
151.9266142506392
151.83561245229774
151.74458497314694
151.6534213674072
151.56221659810646
151.47090123054173
151.3795192565894
151.288052092883
151.19649299591634
151.10487399991567
151.01313785772288
150.9213669914421
150.8294538779743
150.73751581509583
150.64544108698004
150.5533262327304
150.4610995094078
150.3688079281162
150.27642916429755
150.1839609164979
150.091430065075
149.99878520751648
149.90610221956476
149.8132808052222
149.72043512312223
149.62744770808735
149.53442561822763
149.4412859090187
149.34808745491645
149.2547953953695
149.16142061680404
149.0679761489515
148.97442508197318
148.880828146046
148.7871008229855
148.69334986546966
148.59944780689236
148.50552071198956
148.41146599524544
148.3173627859701
148.22315534410734
148.12887603978507
148.0345158040616
147.94006042033692
147.84554732022247
147.75091586906657
147.65624983224436
147.5614423219622
147.46661184389143
147.37163970956868
147.27663325567482
147.18150795699628
147.0863255264058
146.9910469839288
146.89568857212709
146.80025670463218
146.7047223034697
146.6091370279619
146.5134266256601
146.41768785737094
146.321801438528
146.2258926517573
146.12984663651338
146.0337618816297
145.93756210867292
145.84130136120422
145.74494773868724
145.64851097055723
145.55200340486647
145.45539058439954
145.35872898015674
145.2619400720821
145.1651243321456
145.0681592976017
144.97117242940215
144.874048119606
144.77688513888143
144.6796063913987
144.58226725029635
144.48483396094386
144.3873186080337
144.28973067087077
144.1920390511484
144.0942963584778
143.99642841336743
143.89853085573645
143.80048652309353
143.70242082633627
143.6042132034086
143.5059710988474
143.40760827207686
143.30918968862716
143.21067154154758
143.112076404564
143.01340281895781
142.91463105023578
142.8158019061349
142.716853423912
142.61786859959813
142.51874331855544
142.41959707871555
142.32030052182398
142.22097742882545
142.12152481607194
142.0220247756792
141.92241597835095
141.82273889277437
141.722973780411
141.6231195483068
141.523197988701
141.42316650517142
141.32308836436906
141.222879520962
141.12264466326235
141.0222583479712
140.9218514387713
140.82130273318995
140.72071825836485
140.62001241830703
140.51925025692717
140.41838713970787
140.31744716728522
140.21642662847373
140.1153087169601
140.0141306103798
139.9128346281656
139.81149880589393
139.71002461780597
139.60853010187998
139.50687839747417
139.4052055477901
139.30339567344902
139.20154434587664
139.09957614669293
138.99754619352933
138.8954195128488
138.79321078281552
138.6909254622369
138.58853780047687
138.48609367985134
138.3835269279258
138.2809238453567
138.17817784124148
138.07541171030587
137.97249021116573
137.8695446603647
137.76646370309882
137.66333856137948
137.56009797709467
137.4567930698036
137.35339268785594
137.2499078367347
137.14634748472895
137.0426825079095
136.9389620116985
136.83511672369818
136.7312359073819
136.62721011909858
136.52316431497235
136.41896232372994
136.31473581139983
136.21037296182678
136.10596554305585
136.0014416522322
135.8968531251426
135.79216800839112
135.687398167458
135.582551638343
135.4776002743885
135.37259214471482
135.26745904490127
135.1622891247132
135.05697407253675
134.95163902353306
134.84614494540034
134.74062769524448
134.63497124615427
134.52927156906716
134.42345255200894
134.3175702185179
134.21158843471417
134.1055232116453
133.99937846055028
133.89313011102053
133.7868221903185
133.68039047372775
133.5739191793318
133.46730385135456
133.36066845111964
133.2538697899817
133.1470504879094
133.04008783017306
132.93308437248785
132.82595750696493
132.71876963613266
132.61147834985553
132.50410580457395
132.39664988279384
132.28909239798327
132.1814716241683
132.07372893096198
131.9659430867954
131.8580149125296
131.7500637779078
131.64194984611197
131.5338156125286
131.42553322952864
131.31721289948726
131.20876455498077
131.10025784232204
130.99164330903832
130.8829499237556
130.774168972627
130.66528862085536
130.55634102101487
130.4472734050199
130.33815892379926
130.22890374196538
130.11962214489267
130.01017909171154
129.9007154479865
129.7910989085676
129.68144701064963
129.57166264111757
129.46182217356102
129.35186973220564
129.24184037562574
129.1317196189212
129.02150104998134
128.91121173258372
128.80080362398246
128.69034549872694
128.579747519185
128.46912033708335
128.35833215133027
128.24752298039445
128.13655693032868
128.02555712508732
127.91442126024315
127.80323047520437
127.6919245392726
127.58054242490057
127.46906615973477
127.35749236243538
127.2458455080489
127.1340796701553
127.02226196471837
126.910303724476
126.79831490431265
126.68616389586437
126.57399139686405
126.46165954882021
126.34929380676337
126.23679004185769
126.12423068034553
126.01155472748658
125.89880136595853
125.78595295219293
125.67300520591087
125.55998405642005
125.44684153645166
125.33364737454878
125.2203096877512
125.10694223487738
124.9934089838805
124.87985362078781
124.76613874279097
124.65238729220398
124.53849827629404
124.42455032994384
124.31048689003984
124.19634203536481
124.08210388349627
123.967761703624
123.85334854992743
123.73880862365682
123.62422017637172
123.5094820781548
123.39471804362016
123.2797813435433
123.16482178759739
123.0497056899592
122.93454695854055
122.81925438122796
122.70389603312935
122.58842667484035
122.47286826441697
122.35722182192941
122.24146289907888
122.12563906724658
122.00967917738939
121.89367764913763
121.77751633319703
121.66133144394848
121.54497359390044
121.42858665972591
121.31205018042347
121.19546073057657
121.07874530719006
120.96195286634898
120.84505818209915
120.7280622703451
120.61098800649896
120.49378813929482
120.37653397516084
120.25912966332966
120.1416952762536
120.02408602595641
119.90645221282787
119.78865640403033
119.67081697925363
119.55283996772809
119.43479442532588
119.31663588052058
119.19838370976814
119.08004329914527
118.96158398454726
118.84306137357808
118.7243943948455
118.6056892470055
118.48681407903179
118.36791340779578
118.24884216863302
118.12973258593605
118.01047778830508
117.89115875645957
117.77172005580334
117.65219103221244
117.53256808195313
117.41282851908569
117.2930209706195
117.1730703159852
117.05307781867708
116.93291551480088
116.81272665542396
116.69236320037614
116.57196191851087
116.45141245047627
116.33079817559157
116.21006233575741
116.08923449223889
115.96831191973435
115.84726992685779
115.72616025874842
115.60490353065305
115.48360640193533
115.3621343475964
115.24063456764347
115.11896141439344
114.99724548179113
114.87538376045055
114.75345107060893
114.6314004078406
114.5092503509006
114.38701037126972
114.26464233207439
114.14221265804208
114.01962601610806
113.89700626802573
113.77420039751405
113.65136550690144
113.52836446330443
113.40530946226642
113.28211719295481
113.15884144154329
113.0354575583686
112.91196041116712
112.78838452384066
112.66466532993427
112.54089704602043
112.41695514896516
112.29298307468086
112.16882881166687
112.04463310354792
111.92028525369558
111.79586524069589
111.67132340291865
111.54667840834392
111.42194217937595
111.29707152085179
111.17214049524159
111.04704348468076
110.92191504238022
110.79659319835456
110.67123742262346
110.54571955241931
110.42013574004835
110.29442142940354
110.16860887134516
110.04269770377782
109.91665568511243
109.7905472419137
109.66427504181567
109.53796890204282
109.41146579374579
109.28492958969775
109.15822678497742
109.03145862892382
108.90455685132639
108.777556000732
108.65045482030736
108.52322052656268
108.39591951109071
108.26845101947599
108.14094827545291
108.01324628410808
107.8855082533748
107.75760511662693
107.62963102821432
107.50152630468803
107.37331538137721
107.24500862738935
107.11656008567424
106.98805085522602
106.85936390527547
106.73064112633074
106.60172559566442
106.47276326268585
106.34364390359147
106.21444120988905
106.08511756702708
105.95567369943893
105.82614531511473
105.69645945396744
105.5667258681231
105.43679718719187
105.30683098241906
105.17668560386676
105.04647537424249
104.91612339973462
104.78566830153385
104.6551092614771
104.52440844426896
104.39364186666508
104.2626944732714
104.13170812851654
104.00052505016193
103.86929087371867
103.73789882730799
103.606415943942
103.47481444777219
103.34308197534065
103.21127054526045
103.07928759466884
102.94726417941921
102.8150314192282
102.6827562181471
102.55031205681527
102.41778416217261
102.28512810566745
102.15234660261345
102.01947815440967
101.8864421209296
101.7533607819998
101.62006928886836
101.48673529592853
101.35322666840938
101.21963584214198
101.08591281170874
100.95206420351981
100.81812626104319
100.6840189149516
100.54986554875325
100.41549850134365
100.2810872364828
100.14650147756107
100.01182908144027
99.87702634837018
99.74209183757024
99.60707160838007
99.47187399186349
99.33663081879297
99.2011740210451
99.06566626692604
98.92999039151468
98.794217044785
98.65832155928621
98.5222816005755
98.38616596992705
98.24985837200586
98.11350332296445
97.97694578622495
97.84032156276965
97.70354225976023
97.56664781345346
97.42964619845492
97.29248047280218
97.1552559974046
97.01781792780139
96.88033040681267
96.74265855457168
96.60489709242427
96.4670007183042
96.32896422847375
96.19084277319492
96.05253016084121
95.91416653071565
95.77559322429057
95.63695182433835
95.49815174240304
95.35923145528015
95.2202040275095
95.08100372734323
94.94174838062246
94.80226693295452
94.66273226827656
94.52301935309657
94.38320182756368
94.2432592572384
94.103157713123
93.96298490326497
93.82259817403242
93.68215650114242
93.54152144765581
93.40079282288409
93.25992575957153
93.11890899248627
92.97780932350005
92.8365032146335
92.69514036148757
92.55357368201828
92.41191966537215
92.27011857526676
92.12817217110718
91.98613606286445
91.84389603790639
91.70159739151495
91.55908941270421
91.41649526724672
91.27375043007928
91.13085952705558
90.98787721217782
90.84468828357218
90.70143877720304
90.5579796368518
90.41443016843803
90.27073167429538
90.12688094991461
89.98294247057004
89.83878918653299
89.69457328649244
89.55015293031245
89.40563247425673
89.26097022030966
89.11614387792872
88.97123908253705
88.82610551349444
88.6809072054718
88.53551538374309
88.39000779104663
88.24437147818384
88.09855323311893
87.95266876430817
87.8065414975385
87.66034427250048
87.51397053663308
87.367459159757
87.2208382891223
87.07401135429956
86.92711592056423
86.77999877058112
86.6327856101999
86.48541930919717
86.33788698736552
86.19027085679635
86.04241792792897
85.89449413202489
85.74637629364547
85.59812965524532
85.44975993206668
85.301188976084
85.15254548778898
85.00366991672344
84.85469982567754
84.70557028487906
84.55627208588538
84.40688787370543
84.25726005027182
84.10755715930692
83.95766148596014
83.80762661514133
83.65747414524124
83.50710574711434
83.35666049296702
83.20599228098288
83.05521109177073
82.90428392739354
82.75316522405555
82.6019678225606
82.45052057341977
82.29898319653705
82.14727480806704
81.99539584446829
81.84342558070445
81.69120340698282
81.53889974536598
81.38640350902347
81.23375410046094
81.08099375974328
80.92799694763869
80.77491667123513
80.62162586774426
80.46819559461287
80.31463842553251
80.16085646518881
80.00698900562513
79.85289681885328
79.69867502126772
79.54431417509919
79.38973631440331
79.23507085952167
79.08017037509042
78.92514614737289
78.76997467667553
78.61458991569684
78.45911540395521
78.30339960782212
78.1475617928537
77.99157265004328
77.83536973533504
77.67907485006843
77.52253662707884
77.36587381050987
77.20905984640078
77.05202726515947
76.89490042869784
76.73753256110649
76.58003306542263
76.42238702773878
76.26451300181789
76.10654236945732
75.94833753541876
75.7899894138588
75.6315039457138
75.47277642548745
75.31394987931041
75.15490065133791
74.99569168165922
74.83635932000438
74.67676597807794
74.51707112061865
74.35716996401041
74.19708764209824
74.03690081613816
73.87642904090039
73.71585318865114
73.55509245988397
73.39412399319968
73.23304998954349
73.07171191178797
72.91024208854165
72.74861403363039
72.5867463344954
72.4247704170699
72.26255978165369
72.10018271167905
71.93767946450205
71.77489914321147
71.6120078453753
71.4489167104712
71.285618811515
71.1222083532766
70.95852574986694
70.79470529388747
70.630725602662
70.46649297877437
70.30214490898759
70.13756831326903
69.97280460303118
69.80792378398691
69.64274661605157
69.47744663537992
69.31196779488931
69.14624640841838
68.9804048925731
68.81431991177716
68.6480533901395
68.48166393260362
68.31497011439816
68.14815306037725
67.98115181353681
67.81390378231475
67.64653071466819
67.47891386694747
67.31110608974583
67.14317144185485
66.97493514477151
66.80656200247066
66.63801452588582
66.46920048874408
66.30025627468159
66.13108350596038
65.96169452722344
65.79217344578448
65.62237144246826
65.45240167196206
65.28228356097692
65.11186261848705
64.94130611482414
64.77055278363714
64.59954109534048
64.42839182444813
64.25699923411261
64.08539070923061
63.91364254285381
63.741606615104764
63.56939506781339
63.39703592960599
63.22435839882436
63.05153754671706
62.8785288790521
62.70523782347788
62.53180128600218
62.358138910459694
62.18422788969498
62.01016918656211
61.835848883900745
61.66131135689552
61.486623906462846
61.31164141617673
61.13647073959585
60.96114785722123
60.785498877090525
60.60968830365236
60.43370445210694
60.25740338565529
60.08094606244175
59.90428918850956
59.7273368062392
59.550225772976304
59.37289146814462
59.195280744644975
59.01750893195383
58.83949274437233
58.661216544122624
58.482776771739765
58.30407420574175
58.125125281314375
57.946010256281305
57.766616771898164
57.58698776213076
57.407190076951835
57.227101089420664
57.046784517555935
56.866296648323875
56.68550752758781
56.504495799381544
56.32331010387046
56.14181617407218
55.96010157586728
55.778210291592
55.59600683055994
55.413581527327196
55.23097676956861
55.04805900829573
54.86491504163999
54.68158880143548
54.49795192355071
54.314081209681746
54.13002535178048
53.9456644930126
53.7610588206805
53.57626508146229
53.39117532909592
53.205826357489784
53.020286342847264
52.83446273517137
52.64836199178078
52.4620671749641
52.275504700712354
52.08864357915095
51.90158529857403
51.71427889635722
51.52664865414762
51.33881811115547
51.15076266888573
50.962354425204985
50.7737426818013
50.584926469349284
50.39573776949281
50.20633574602689
50.01672597346461
49.82677522767516
49.636573700487446
49.44616108448803
49.25544299857736
49.064432597603016
48.873207707374
48.68171693375935
48.48988814008846
48.29784139491244
48.1055725319941
47.91291567538836
47.72003734211966
47.526936434606924
47.33349019001284
47.13977038052893
46.9458243821678
46.75158630377425
46.55701497238108
46.362213771812925
46.16717826392142
45.971745204711986
45.77607852919341
45.58017705213772
45.383934783335334
45.18739219602678
44.99061096483379
44.79355702671876
44.596127923924
44.39845626512174
44.200540799849946
44.00225846810626
43.80368553730633
43.6048647884069
43.40575618100958
43.20627096002177
43.00653383645203
42.806543491420996
42.60618429966958
42.405519532339696
42.20459735506246
42.003396903738796
41.80179304249518
41.59992750674478
41.39779890585225
41.19532510455974
40.99250449860508
40.78941645423476
40.5860595376978
40.382298443863895
40.17823897618027
39.97390615146734
39.76927900966286
39.564235945526754
39.35891495799273
39.153314535916465
38.94737637944267
38.7410547763675
38.534449055719016
38.32755765980205
38.12029395814274
37.91267019960245
37.704755963002015
37.4965496427562
37.287945637436195
37.07899552702154
36.8697484072232
36.660202623187914
36.450243323550644
36.23994206984747
36.029337099946204
35.81842670830684
35.607096887196526
35.395419088240054
35.183430685991794
34.971129922764575
34.75841411211223
34.54533373940261
34.331935691102295
34.1182181558728
33.90410064218205
33.6895910242489
33.47475646815215
33.25959510735383
33.044059927085264
32.828093732586204
32.61179514186165
32.39516223157979
32.178193062340135
31.960742386769912
31.742951551966506
31.524818680252785
31.30634177329572
31.087435183782112
30.868123194797285
30.648461243479872
30.428447270858392
30.208067935686845
29.987205163219052
29.76598428919297
29.544403192241546
29.32245973323483
29.10009008488151
28.87727970086251
28.654100670781556
28.430550790753806
28.206627838417894
27.982236813453326
27.757428271335076
27.532240161852155
27.306670195435984
27.08071606329864
26.854271923846476
26.62741297945003
26.400163155646084
26.17252007388887
25.94448133564019
25.71595165190448
25.48698830243573
25.25762235628525
25.027851342504654
24.79767276934801
24.567024401601888
24.335900822298587
24.104362508744167
23.8724068940236
23.640031389586518
23.40723046960496
23.173888947915092
22.94012011844837
22.705921314615225
22.471289847317774
22.23622300474562
22.00068262642301
21.764623160067977
21.52812059004693
21.29117212282024
21.053774941217846
20.815926204224652
20.577590775051508
20.33872180048396
20.099393217725968
19.85960210015669
19.619345496344906
19.378620429823027
19.13742389885892
18.895658835094086
18.653408012056705
18.410677268183704
18.167463511277735
17.92376362285159
17.679574457887824
17.434886496793442
17.189613068385974
16.943841549351173
16.6975686998868
16.450791252581944
16.203505912163997
15.955709355243098
15.7073982300532
15.458515766156543
15.209077481224766
14.959115296777544
14.708625759958242
14.457605388377653
14.206050669842172
13.953958062078534
13.70132399245634
13.448123171757626
13.194316729600377
12.93995894381081
12.685046133910367
12.429574587822238
12.173540561578996
11.916940279027468
11.659769931529944
11.402025677662971
11.143703642913277
10.884760580049107
10.62520519850488
10.365061402714074
10.104325200999668
9.842992567236019
9.581059440528339
9.318521724889177
9.055375288910643
8.791615965434108
8.52723955121676
8.262241806593801
7.996618455138313
7.730351360500134
7.4634149079930046
7.195841217686317
6.927625883491061
6.658764461039082
6.3892524673242095
6.119085380339527
5.84825863871136
5.576767641329054
5.304607746971376
5.03177427392928
4.758262499624281
4.484067660223472
4.2091849502507666
3.9336095221935627
3.65733648610589
3.3803609092076807
3.102677815479506
2.8242821852535425
2.5451689548004537
2.265333015911722
1.9847692154778065
1.7034723550626538
1.4214371904729424
1.1386584313236068
0.8551307405985702
0.5708487342075244
0.28580698053744324
2.2870279314870538e-14
-0.28657773542525716
-0.5739318026534055
-0.8620678279604147
-1.150991487454444
-1.4407085075523178
-1.731224665460323
-2.0225457896603904
-2.314677760400258
-2.6076265101905776
-2.9013980243048185
-3.1959983412858106
-3.4914335534569467
-3.7877098074387825
-4.084833304670289
-4.382810301936383
-4.681647111900448
-4.98135010364175
-5.281925703199299
-5.5833803941207245
-5.885720718016382
-6.188953275120326
-6.493084724855769
-6.798121786407011
-7.104071239296798
-7.410939923970373
-7.718734742384384
-8.027509622764322
-8.337245225338874
-8.647931046907525
-8.95957428030538
-9.272182183357833
-9.58576207951139
-9.900321358471793
-10.21586747684871
-10.532407958806798
-10.849950396722976
-11.168542054796703
-11.488209860654724
-11.80890624416406
-12.130639120987716
-12.453416478887133
-12.777246378426327
-13.102136953683505
-13.428096412970586
-13.755222347373547
-14.083470704501915
-14.412816834127938
-14.743269296996369
-15.074836732336783
-15.407527858634243
-15.741409525310765
-16.07652353685675
-16.412792006646548
-16.750224029918
-17.088828785721233
-17.4286155377426
-17.769752141966983
-18.112104950081395
-18.455672533028327
-18.80046455733186
-19.146507080890654
-19.493968925364253
-19.84268947452817
-20.192678817167057
-20.54394713583577
-20.896653234727534
-21.250725765819872
-21.60611344330169
-21.962826896852974
-22.321036141526587
-22.680668993648716
-23.041665444474397
-23.404036592455032
-23.768039011549817
-24.133450317072715
-24.500275876622517
-24.86866559278143
-25.238628542546518
-25.610046721193918
-25.983008405649862
-26.357664919485778
-26.73381911048241
-27.111545421801996
-27.491042756047793
-27.87208174679466
-28.254773677486714
-28.639264639562466
-29.025342828453084
-29.41321006634174
-29.802853237943307
-30.194130859903616
-30.587392164784553
-30.982352133982612
-31.37915099528092
-31.777879091084852
-32.178326983010436
-32.58091139922539
-32.98525239918448
-33.39165485089141
-33.79998091861657
-34.210321555733145
-34.62272695108165
-35.03713013906826
-35.45371178871901
-35.87230594632078
-36.29316352326577
-36.716081253516975
-37.14131725879232
-37.56869548395036
-37.99841533064516
-38.43039543112779
-38.86470753070306
-39.30143548809708
-39.74045133904714
-40.18207788324994
-40.6260090292871
-41.07259292268882
-41.52166732073285
-41.97325923922778
-42.42764067205207
-42.8845589474601
-43.34422161476358
-43.80671329736018
-44.27189326808029
-44.73995473307502
-45.210988751338235
-45.68487119340285
-46.16167517228308
-46.641707315684776
-47.12475717860894
-47.610886987300816
-48.10017482011475
-48.592882494081266
-49.088852778626055
-49.58815304627385
-50.09085212634758
-50.597020334870884
-51.10685217364294
-51.620317361018124
-52.137456933462495
-52.65834696315538
-53.18306515295869
-53.71169086873474
-54.24430517206593
-54.78099085336373
-55.32183246535188
-55.86691635690428
-56.41633070721947
-56.97016556030813
-57.52851285977225
-58.0914664838442
-58.659122280660895
-59.23157810373876
-59.80893384761288
-60.391291483603155
-60.978810631980515
-61.57170014344983
-62.169936193330564
-62.7736301633828
-63.38289570594747
-63.998123839009025
-64.61923290649023
-65.24629847421762
-65.87973575216857
-66.51953111846531
-67.16577118889481
-67.81894499879328
-68.47878901663947
-69.14601249479509
-69.82027515591824
-70.50228274632344
-71.19185315121896
-71.88938416796616
-72.59518766620639
-73.30930160260534
-74.03203609385085
-74.76390557589298
-75.5049434264791
-76.25546700271329
-77.01580288517081
-77.78628695393063
-78.56726444180445
-79.35908996168085
-80.16212750463396
-80.97675040515976
-81.80334126958066
-82.64245060648138
-83.49454675359186
-84.35988472928156
-85.23923110147228
-86.13293278612362
-87.04170341776532
-87.96589309558281
-88.90648294420271
-89.86390070437292
-90.83883863776333
-91.83205737132586
-92.8443298167467
-93.87643832284671
-94.92917131797643
-96.00369087693942
-97.10058393415191
-98.22102442941232
-99.36580260111022
-100.53612091502592
-101.733008235882
-102.9574527861952
-104.21064761045237
-105.49342101153047
-106.80686199338943
-108.15178911906696
-109.5291509284503
-110.93949760758034
-112.38324033875074
-113.86027081841578
-115.370434982181
-116.91273584436095
-118.48573730925982
-120.08718829414482
-121.71405480262035
-123.36231555144039
-125.0270374787294
-126.70229187826445
-128.38136345744488
-130.05688387232738
-131.72111346995342
-133.3662539067964
-134.9847576610476
-136.5698064717897
-138.11543946811713
-139.6167944152071
-141.0699991551681
-142.4726624778111
-143.8232253669888
-145.12122708869472
-146.36683849688163
-147.56097745976513
-148.70518278955797
-149.8008170633102
-150.85016129806246
-151.8551830579561
-152.8180336325907
-153.74098552564584
-154.62582549990964
-155.47503252522273
-156.29034762675906
-157.0736433803855
-157.82680656760127
-158.55135574766504
-159.24908039038644
-159.92149828032493
-160.569731323977
-161.1952982633117
-161.79941961955197
-162.38315715707677
-162.94753500671683
-163.4935385987976
-164.0221140278776
-164.53416779042198
-165.03056684169846
-165.5118803609029
-165.97891187355359
-166.43235843631797
-166.872775421539
-167.30070406881816
-167.71685207284298
-168.12160752031667
-168.51535793528166
-168.89870324670952
-169.27204794820713
-169.63578155754243
-169.99027899902418
-170.33590099551816
-170.6729944673186
-171.00189293540473
-171.3228224143801
-171.63605068144264
-171.94197548331502
-172.24088307894667
-172.53279601200046
-172.81812450368207
-173.09714410453003
-173.369800703542
-173.63666563161183
-173.89750551068295
-174.15293271189915
-174.40273054648452
-174.64736990307694
-174.88687105847436
-175.12133971547465
-175.35108432042875
-175.57610829205123
-175.79651372338589
-176.0125568645306
-176.2243439280326
-176.43191507915955
-176.63534666797767
-176.83484464810826
-177.0305039529166
-177.22241706532213
-177.41067407842206
-177.59536275490393
-177.77656858524975
-177.95437484473536
-178.12886264923108
-178.3001110098107
-178.46819688617958
-178.6331952389297
-178.79517908063548
-178.9542195258022
-179.1103858396802
-179.2637454859596
-179.41436417336178
-179.5623059011418
-179.70763300351902
-179.85040619305332
-179.99061006961085
-180.12831485452017
-180.263630371988
-180.39661164503443
-180.52731226384014
-180.65566726361797
-180.78178234760387
-180.90576292921392
-181.02765756178263
-181.1473430061133
-181.2649973421992
-181.38069878204305
-181.49436937456926
-181.6060661889655
-181.71593432264314
-181.82387108379876
-181.9299556392484
-182.0343274738771
-182.13679579558695
-182.237591402326
-182.3366865342301
-182.43403310584046
-182.52984253711952
-182.62387096697776
-182.7164182097632
-182.80731541198935
-182.89671539176592
-182.9845692112217
-183.0709324423035
-183.15582776837869
-183.23926052617858
-183.32127939901991
-183.40188388575763
-183.4811055986617
-183.55898010274103
-183.63548130083984
-183.7107203501195
-183.78457512548408
-183.85726845465754
-183.92854961794703
-183.99869738665467
-184.06756147901925
-184.13523202694623
-184.20176178625607
-184.26702119669613
-184.33121492001243
-184.3942083876354
-184.45608112918106
-184.51692477359825
-184.5765447183589
-184.63515349893444
-184.69273712390336
-184.749169263394
-184.80463139799517
-184.85909693156407
-184.912462061359
-184.96488972760082
-185.0163788444811
-185.0667856099298
-185.1162860911952
-185.1648890448293
-185.21248572631404
-185.2591616430999
-185.3049695591772
-185.34989236499675
-185.39384189502687
-185.43695172704523
-185.47922983667098
-185.52063748251746
-185.56114200656162
-185.600841624386
-185.63974390760183
-185.67783290463865
-185.71504172504575
-185.75147862575682
-185.78715079693595
-185.82206534863712
-185.85616006471716
-185.88947386043736
-185.92205385042627
-185.9539067889074
-185.98503935526765
-186.01540446554864
-186.04502287480918
-186.0739432344287
-186.10217189178377
-186.1297151243227
-186.15657914039258
-186.18270614638936
-186.2081516541531
-186.23293863798918
-186.25707300012957
-186.28056057821772
-186.30340714606916
-186.32561831366425
-186.34713474038807
-186.3680293492274
-186.3883076316716
-186.4079750195322
-186.42703688564325
-186.44549854455295
-186.46336525320677
-186.4806422116225
-186.49730987915825
-186.51337543758885
-186.52886845776501
-186.54379388850109
-186.55815662536241
-186.5719615112872
-186.58521333720037
-186.59791684261998
-186.6100767162569
-186.62169759660645
-186.63278407253347
-186.6433406838499
-186.65336854977934
-186.6628519017907
-186.67182032872722
-186.6802781546786
-186.68822965782664
-186.6956790709779
-186.7026305820897
-186.7090883347898
-186.71505642889005
-186.72053892089338
-186.7255398244954
-186.73006311107923
-186.73411271020527
-186.7376925100941
-186.74080635810444
-186.743458061205
-186.74565138644067
-186.74739006139342
-186.7486777746372
-186.74951817618805
-186.74991487794819
-186.74987145414542
-186.74939144176673
-186.7484783409872
-186.74713561559346
-186.74536669340245
-186.74317496667481
-186.74056379252374
-186.73753649331866
-186.73409635708444
-186.73024663789562
-186.72599055626603
-186.72133129953386
-186.71627202224215
-186.71081584651478
-186.70496586242803
-186.6987251283776
-186.69209667144145
-186.68508348773872
-186.67768854278344
-186.6699147718352
-186.66176508024483
-186.65324234379665
-186.64432950484365
-186.63504578164984
-186.62539666713556
-186.61538493548062
-186.60501333274615
-186.59428457719605
-186.58320135961395
-186.57176634361753
-186.55998216596834
-186.54785143687837
-186.535376740313
-186.5225606342902
-186.50940565117665
-186.49591429797997
-186.4820721944891
-186.46788089588668
-186.45335997073514
-186.43851183824322
-186.42333889350306
-186.40784350776497
-186.392028028709
-186.37589478071365
-186.35944606512092
-186.34268416049906
-186.32561132290144
-186.30818825567414
-186.29045811368476
-186.27242315898437
-186.25408556918467
-186.23544750048725
-186.21651108792707
-186.19727844561356
-186.17775166696885
-186.15792310008047
-186.1377671180845
-186.11732271519645
-186.09659191241448
-186.07557671106602
-186.05427909303165
-186.03270102096667
-186.01084443852002
-185.98868886720177
-185.96622944337696
-185.9434968495621
-185.92049296253035
-185.89721964098442
-185.8736787257626
-185.84987204004233
-185.82578135072328
-185.8013933343889
-185.7767445853753
-185.75183686443057
-185.7266719155142
-185.7012514659881
-185.67557722680624
-185.6496037854671
-185.62336858932954
-185.59688435793967
-185.5701527439711
-185.543175384502
-185.51595390119314
-185.48844985809143
-185.46068379924705
-185.43267814521215
-185.40443446264968
-185.37595430357112
-185.34723920550437
-185.31823808300348
-185.28899406820233
-185.25951942930473
-185.22981565193894
-185.19988420797154
-185.1697087397277
-185.13926066063277
-185.10858906331376
-185.0776953701324
-185.0465809903772
-185.0152473204136
-184.98363207996442
-184.9517962121688
-184.91974500888963
-184.88747981977997
-184.85500198221894
-184.82225674268724
-184.78928803867865
-184.7561104899632
-184.7227253893675
-184.6891340180635
-184.65527756279198
-184.62120625697307
-184.58693233968495
-184.5524570496099
-184.51777917960678
-184.48283217995294
-184.4476873583329
-184.4123459124704
-184.37680902946357
-184.3410515084229
-184.3050531778936
-184.26886282731323
-184.23248160472346
-184.19591064808367
-184.15909079321307
-184.12206829338828
-184.08485934860508
-184.04746505958335
-184.00985951448396
-183.97202114107742
-183.93400061632556
-183.89579900505913
-183.85741701862804
-183.81877858276303
-183.7799621602196
-183.7409687812435
-183.70179946727464
-183.6623962620723
-183.62279917849267
-183.5830291452187
-183.54308715072432
-183.50292830155252
-183.46256536242234
-183.4220333611485
-183.38133325444358
-183.34042734883073
-183.29931294206037
-183.25803324552842
-183.2165891853495
-183.1749446213093
-183.13309273048614
-183.09107921100127
-183.0489049594956
-183.00652994944625
-182.96395416666041
-182.92122030878917
-182.87832924408593
-182.83523181866886
-182.7919453569267
-182.74850426978702
-182.70490939816537
-182.66109740996635
-182.61711311520565
-182.572977544363
-182.52869151203035
-182.48417263920572
-182.4395030019263
-182.3946853409094
-182.34969939277423
-182.30450219521356
-182.25915936173678
-182.2136716631858
-182.16799124928755
-182.12212957666588
-182.07612536003458
-182.02997934649406
-181.98361169687615
-181.93709712782433
-181.89044301835648
-181.84362114819615
-181.7966022755254
-181.74944607315857
-181.70215324866555
-181.6546558346585
-181.6070034289812
-181.55921655089085
-181.5112725646357
-181.46312973411858
-181.41485453756883
-181.36644764549885
-181.31783937226015
-181.2690814845135
-181.2201939499945
-181.17114646756463
-181.12191141021196
-181.07254871381394
-181.02305901416176
-180.9733580807482
-180.92352560044554
-180.87356807017795
-180.82343501462464
-180.77313802788802
-180.72271790564523
-180.67215548748555
-180.6213991733297
-180.57052160016678
-180.5195233578212
-180.46832197773128
-180.4169919991042
-180.3655431775858
-180.31391915031466
-180.26214171802468
-180.21024723320534
-180.15820317296007
-180.10598314705712
-180.0536478238653
-180.00118630451334
-179.94852845515967
-179.89575702942656
-179.84287256330236
-179.78978959429963
-179.73658671456678
-179.68327247015506
-179.6297783035486
-179.57614853283778
-179.52240904067094
-179.46850611309355
-179.4144539306398
-179.36029363819685
-179.30598434816704
-179.25151415111554
-179.1969374245032
-179.14222413289698
-179.08734023796433
-179.03235136356315
-178.97723639407818
-178.92194303917958
-178.86654622525583
-178.81103186486777
-178.75533321071012
-178.699532588994
-178.64362108840533
-178.58752122004728
-178.5313208472788
-178.47501442135984
-178.41851734973932
-178.3619212091819
-178.30522203740486
-178.2483317008353
-178.19134370375775
-178.13425393062323
-178.07697419625856
-178.01959818338688
-177.96211991884346
-177.90445458411267
-177.84669432705152
-177.7888296469082
-177.73078244092048
-177.67264164354532
-177.61439258987713
-177.55596717479796
-177.49744947461835
-177.43881805616542
-177.38001802856385
-177.32112699805887
-177.26211519061835
-177.2029440827872
-177.14368323071304
-177.08429297752502
-177.02475425877296
-176.96512703144379
-176.90536024357044
-176.84545732148825
-176.78546710403054
-176.72532566072903
-176.66506188242934
-176.60471200001035
-176.54419774909965
-176.4835764024312
-176.4228701214624
-176.36198487968386
-176.30100919442089
-176.23993912887175
-176.1786952771082
-176.1173684261154
-176.05593003731383
-175.99433702229248
-175.93266212266576
-175.87085715119736
-175.8089180550636
-175.74689816924771
-175.6847283258358
-175.62244617671817
-175.56008431360132
-175.4975512794412
-175.43492905253262
-175.37221504430917
-175.30933359560632
-175.2463742142244
-175.18329948239847
-175.12008272573811
-175.05678906236267
-174.99335521573582
-174.92980599144164
-174.86618086873145
-174.802389487704
-174.73851058685693
-174.6745410224888
-174.61040941552636
-174.54620358094868
-174.48187880020444
-174.41742199253102
-174.35289191975062
-174.28821343337168
-174.22343409036992
-174.15857930914657
-174.0935517199528
-174.02845246119333
-173.96324618927778
-173.8979003396258
-173.83248373978125
-173.76692742011286
-173.7012658558911
-173.63553444563178
-173.56962949453154
-173.50365471813717
-173.4375759741999
-173.3713587924585
-173.3050732636639
-173.23864796347826
-173.17212158286418
-173.1055235127854
-173.03875721422222
-172.97192402572637
-172.90498141624516
-172.8379098198066
-172.77077217395163
-172.70348633766858
-172.6361117676137
-172.5686548022495
-172.50104419950955
-172.43336894089506
-172.3655706703384
-172.2976608211374
-172.22968712059705
-172.1615487947665
-172.0933419206407
-172.02503402818598
-171.95659483133224
-171.88809311659597
-171.81944699764026
-171.75071433731594
-171.68189955241778
-171.61293677314632
-171.54391277319266
-171.47476153597438
-171.4055087553972
-171.3361897258253
-171.26670896763062
-171.19716825090416
-171.12751448940782
-171.0577470955837
-170.9879204736233
-170.91793309764125
-170.8478810763916
-170.77772730490773
-170.70745065019318
-170.63711597654853
-170.56663022306907
-170.49607215755555
-170.42542081183433
-170.35464009809414
-170.28380254257058
-170.21282079561016
-170.14176179817588
-170.0706152365514
-169.99933551918636
-169.92800010619712
-169.85652467308915
-169.78496971210853
-169.71333021659385
-169.64155640844413
-169.569728020878
-169.49776113334917
-169.42571503705247
-169.3535848144063
-169.2813216895322
-169.20900507250147
-169.13654888771998
-169.06401634789805
-168.9913975306639
-168.918649728009
-168.84584949247943
-168.77290609407564
-168.69989166966897
-168.62678631718683
-168.5535583441259
-168.48027897043337
-168.40685036949387
-168.33335849006883
-168.25976858946046
-168.18606482523572
-168.1123106664917
-168.0383988025274
-167.96443377164277
-167.89036123877113
-167.81618593782045
-167.74195294109364
-167.66756796509836
-167.59313396356558
-167.51858064396842
-167.44393793914782
-167.36922475540484
-167.29437392402554
-167.21947501306528
-167.1444426828645
-167.0693365885682
-166.99414497098988
-166.91883225219502
-166.84347237649354
-166.76796274327933
-166.6923971584603
-166.61672879198557
-166.54095803938327
-166.4651311193689
-166.38915573374217
-166.313134444836
-166.23699094701448
-166.16076590274199
-166.08446437573278
-166.0080360938584
-165.93156277761264
-165.85494569943444
-165.77826999695418
-165.7014953919341
-165.62461780434953
-165.54768583509173
-165.47060685726427
-165.39348402406947
-165.31623780453384
-165.2389143967765
-165.16151128641695
-165.08398778279593
-165.00642124302763
-164.92870480776043
-164.8509389629537
-164.77306608887469
-164.69510140189925
-164.61707223496614
-164.53890916270734
-164.46070416406138
-164.3823628399365
-164.3039602130293
-164.22546301991034
-164.1468632062352
-164.068210280767
-163.98941371598656
-163.9105762959428
-163.83161230649395
-163.75257885958592
-163.67345953391842
-163.59423048083437
-163.51495594641847
-163.4355317021637
-163.35606763671598
-163.27648305813184
-163.19682449394915
-163.11708507542443
-163.0372324129368
-162.95733827289996
-162.87729190699534
-162.79720671842333
-162.71700348169523
-162.63672525126856
-162.55636763490423
-162.47589674331672
-162.3953848568309
-162.31472167936897
-162.23402064365794
-162.15320053664425
-162.0723078466369
-161.99133378482117
-161.91024980197372
-161.82912188607952
-161.74784696656917
-161.66653512048921
-161.58509978989872
-161.50359760959748
-161.42200871405245
-161.34031654222417
-161.25857417377466
-161.17669234795738
-161.09477449581317
-161.01272544910935
-160.93061851708896
-160.84841626075524
-160.7661205732447
-160.68376519077046
-160.60128106711616
-160.5187617871789
-160.4361003944068
-160.35339322487926
-160.2705789437236
-160.1876841911156
-160.10471709661374
-160.0216350625067
-159.93851522759925
-159.85524620867506
-159.77194309753318
-159.68851799228165
-159.60502840841156
-159.52145076905995
-159.4377749966842
-159.35404488784988
-159.27018320639604
-159.18628823696136
-159.1022533747585
-159.01817298238342
-158.9339858321822
-158.84972028411636
-158.76538090230895
-158.68093046110636
-158.59643890204362
-158.51180382558826
-158.4271364417743
-158.34234068311616
-158.25748911764663
-158.17254133259414
-158.08750583151124
-158.0024060663066
-157.91718687107536
-157.83193516994766
-157.74653251748015
-157.66109849364145
-157.57554304532925
-157.48992598629084
-157.40421872271807
-157.31841885386427
-157.23255981126115
-157.14657735351022
-157.06056423586045
-156.9744017359472
-156.8882064276411
-156.80189224549025
-156.71551495615148
-156.62904912007815
-156.5424900549466
-156.45587259129965
-156.3691319512525
-156.28236151358058
-156.19544086599169
-156.10848922167418
-156.02141701380873
-155.93428435270528
-155.84706060309514
-155.7597471107792
-155.67237183601372
-155.58487769379218
-155.497350908523
-155.40967629345562
-155.32197286537
-155.23414309531913
-155.14625952697628
-155.05827827879415
-154.970214736545
-154.8820820171762
-154.79383866319446
-154.70555447766793
-154.61713146996786
-154.52868042425257
-154.44009331385485
-154.3514629187349
-154.26272434581296
-154.1739147488281
-154.08502471078896
-153.9960360553839
-153.90699454773943
-153.81782697328052
-153.72863209932382
-153.63928763144256
-153.54991411514504
-153.46041815286117
-153.3708661233301
-153.28121865461287
-153.19148823693664
-153.10168924787925
-153.0117805631426
-152.92183003796566
-152.83174320326418
-152.74162990500105
-152.65137625277438
-152.56108504820511
-152.470679801321
-152.3802107975195
-152.28965393274356
-152.19900723284843
-152.10829872509126
-152.0174744283189
-151.9266142506392
-151.83561245229774
-151.74458497314694
-151.65342136740725
-151.56221659810655
-151.47090123054173
-151.37951925658942
-151.288052092883
-151.19649299591634
-151.10487399991567
-151.01313785772288
-150.92136699144217
-150.8294538779743
-150.7375158150959
-150.64544108698004
-150.5533262327304
-150.46109950940783
-150.36880792811624
-150.27642916429755
-150.1839609164979
-150.09143006507503
-149.9987852075165
-149.90610221956481
-149.81328080522223
-149.72043512312223
-149.62744770808735
-149.53442561822763
-149.44128590901872
-149.34808745491648
-149.25479539536957
-149.1614206168041
-149.0679761489515
-148.9744250819732
-148.88082814604599
-148.7871008229855
-148.69334986546966
-148.59944780689236
-148.50552071198953
-148.41146599524544
-148.3173627859701
-148.22315534410737
-148.1288760397851
-148.03451580406164
-147.94006042033703
-147.84554732022244
-147.75091586906655
-147.65624983224433
-147.5614423219622
-147.46661184389146
-147.37163970956868
-147.2766332556748
-147.18150795699626
-147.08632552640577
-146.9910469839288
-146.8956885721271
-146.8002567046322
-146.70472230346968
-146.60913702796188
-146.5134266256601
-146.41768785737096
-146.32180143852804
-146.22589265175733
-146.1298466365134
-146.03376188162966
-145.93756210867292
-145.84130136120422
-145.74494773868724
-145.64851097055725
-145.5520034048665
-145.4553905843995
-145.35872898015668
-145.2619400720821
-145.16512433214567
-145.06815929760174
-144.97117242940215
-144.87404811960602
-144.7768851388814
-144.6796063913987
-144.5822672502964
-144.4848339609439
-144.38731860803378
-144.28973067087082
-144.1920390511484
-144.0942963584778
-143.99642841336743
-143.89853085573648
-143.80048652309358
-143.70242082633627
-143.6042132034086
-143.50597109884737
-143.40760827207683
-143.30918968862716
-143.21067154154758
-143.11207640456405
-143.01340281895787
-142.91463105023578
-142.81580190613494
-142.71685342391203
-142.61786859959815
-142.5187433185555
-142.41959707871564
-142.32030052182398
-142.22097742882545
-142.1215248160719
-142.0220247756792
-141.92241597835095
-141.82273889277437
-141.72297378041102
-141.62311954830676
-141.52319798870107
-141.42316650517145
-141.3230883643691
-141.22287952096207
-141.12264466326238
-141.02225834797116
-140.9218514387713
-140.82130273318998
-140.72071825836488
-140.62001241830703
-140.5192502569272
-140.4183871397079
-140.31744716728514
-140.21642662847373
-140.11530871696013
-140.0141306103798
-139.9128346281656
-139.81149880589396
-139.71002461780597
-139.60853010187998
-139.50687839747414
-139.4052055477901
-139.30339567344905
-139.2015443458767
-139.09957614669293
-138.99754619352936
-138.8954195128488
-138.79321078281555
-138.6909254622369
-138.5885378004769
-138.48609367985136
-138.3835269279258
-138.2809238453567
-138.17817784124148
-138.07541171030593
-137.97249021116576
-137.86954466036474
-137.76646370309885
-137.66333856137953
-137.56009797709467
-137.4567930698036
-137.35339268785594
-137.24990783673474
-137.146347484729
-137.0426825079095
-136.93896201169852
-136.8351167236982
-136.73123590738192
-136.62721011909858
-136.5231643149723
-136.41896232372991
-136.31473581139986
-136.21037296182683
-136.1059655430559
-136.00144165223224
-135.8968531251426
-135.79216800839106
-135.687398167458
-135.582551638343
-135.47760027438852
-135.37259214471484
-135.2674590449013
-135.1622891247132
-135.05697407253678
-134.95163902353315
-134.84614494540037
-134.74062769524448
-134.63497124615432
-134.52927156906722
-134.42345255200894
-134.3175702185179
-134.21158843471417
-134.1055232116453
-133.99937846055028
-133.89313011102053
-133.78682219031853
-133.68039047372773
-133.5739191793318
-133.46730385135456
-133.36066845111964
-133.25386978998176
-133.14705048790947
-133.04008783017304
-132.93308437248785
-132.82595750696493
-132.7187696361327
-132.61147834985556
-132.50410580457395
-132.39664988279384
-132.28909239798327
-132.18147162416827
-132.07372893096198
-131.96594308679542
-131.8580149125297
-131.75006377790788
-131.64194984611197
-131.53381561252863
-131.42553322952864
-131.3172128994873
-131.20876455498083
-131.1002578423221
-130.99164330903832
-130.8829499237556
-130.774168972627
-130.6652886208554
-130.5563410210149
-130.44727340501993
-130.33815892379934
-130.22890374196538
-130.11962214489267
-130.0101790917116
-129.90071544798656
-129.79109890856768
-129.68144701064966
-129.57166264111754
-129.461822173561
-129.35186973220567
-129.24184037562574
-129.13171961892124
-129.02150104998134
-128.9112117325838
-128.80080362398246
-128.69034549872694
-128.57974751918502
-128.46912033708335
-128.35833215133033
-128.24752298039448
-128.13655693032862
-128.02555712508732
-127.91442126024317
-127.80323047520443
-127.69192453927265
-127.58054242490059
-127.46906615973477
-127.35749236243538
-127.2458455080489
-127.1340796701553
-127.02226196471838
-126.91030372447602
-126.79831490431269
-126.68616389586437
-126.57399139686405
-126.46165954882025
-126.3492938067634
-126.23679004185777
-126.1242306803456
-126.01155472748655
-125.89880136595853
-125.78595295219291
-125.67300520591084
-125.55998405642009
-125.4468415364517
-125.33364737454883
-125.2203096877512
-125.10694223487738
-124.99340898388047
-124.87985362078781
-124.76613874279097
-124.65238729220401
-124.53849827629404
-124.42455032994387
-124.31048689003987
-124.19634203536484
-124.08210388349632
-123.96776170362406
-123.85334854992743
-123.73880862365684
-123.62422017637172
-123.50948207815478
-123.39471804362017
-123.27978134354333
-123.16482178759745
-123.04970568995924
-122.93454695854055
-122.81925438122796
-122.70389603312942
-122.5884266748404
-122.47286826441704
-122.35722182192941
-122.24146289907888
-122.12563906724654
-122.00967917738937
-121.89367764913771
-121.77751633319707
-121.66133144394848
-121.54497359390042
-121.42858665972588
-121.31205018042347
-121.19546073057661
-121.0787453071901
-120.96195286634902
-120.8450581820992
-120.72806227034513
-120.61098800649896
-120.49378813929482
-120.37653397516084
-120.25912966332972
-120.14169527625356
-120.02408602595641
-119.90645221282787
-119.78865640403033
-119.6708169792537
-119.55283996772813
-119.43479442532593
-119.31663588052058
-119.19838370976814
-119.08004329914529
-118.96158398454733
-118.84306137357812
-118.72439439484556
-118.60568924700547
-118.48681407903175
-118.36791340779578
-118.24884216863302
-118.12973258593607
-118.01047778830514
-117.89115875645965
-117.77172005580337
-117.65219103221246
-117.53256808195314
-117.41282851908574
-117.29302097061957
-117.17307031598527
-117.05307781867708
-116.9329155148009
-116.812726655424
-116.69236320037615
-116.57196191851091
-116.45141245047635
-116.33079817559157
-116.21006233575743
-116.08923449223889
-115.96831191973438
-115.84726992685783
-115.72616025874848
-115.60490353065309
-115.48360640193533
-115.36213434759642
-115.2406345676435
-115.11896141439351
-114.99724548179117
-114.87538376045059
-114.75345107060892
-114.63140040784063
-114.50925035090066
-114.38701037126977
-114.26464233207447
-114.14221265804213
-114.0196260161081
-113.89700626802575
-113.7742003975141
-113.65136550690146
-113.52836446330448
-113.4053094622665
-113.28211719295487
-113.15884144154325
-113.03545755836862
-112.91196041116712
-112.78838452384066
-112.66466532993431
-112.54089704602045
-112.41695514896523
-112.2929830746809
-112.1688288116669
-112.04463310354794
-111.92028525369562
-111.79586524069592
-111.67132340291865
-111.54667840834391
-111.42194217937592
-111.29707152085176
-111.17214049524156
-111.0470434846808
-110.92191504238028
-110.79659319835454
-110.67123742262349
-110.54571955241933
-110.42013574004837
-110.29442142940356
-110.16860887134517
-110.04269770377786
-109.91665568511246
-109.79054724191374
-109.6642750418157
-109.53796890204288
-109.41146579374586
-109.28492958969782
-109.1582267849774
-109.03145862892382
-108.9045568513264
-108.777556000732
-108.65045482030739
-108.5232205265627
-108.39591951109071
-108.26845101947598
-108.14094827545291
-108.01324628410809
-107.88550825337484
-107.75760511662699
-107.62963102821436
-107.50152630468803
-107.37331538137721
-107.24500862738934
-107.11656008567425
-106.98805085522608
-106.85936390527553
-106.73064112633072
-106.60172559566442
-106.47276326268585
-106.34364390359147
-106.21444120988909
-106.08511756702714
-105.955673699439
-105.82614531511473
-105.69645945396744
-105.56672586812316
-105.43679718719196
-105.30683098241913
-105.17668560386683
-105.04647537424245
-104.91612339973462
-104.78566830153383
-104.65510926147707
-104.52440844426897
-104.39364186666508
-104.26269447327142
-104.13170812851658
-104.00052505016194
-103.86929087371867
-103.73789882730803
-103.60641594394204
-103.47481444777223
-103.34308197534067
-103.21127054526046
-103.07928759466883
-102.9472641794192
-102.81503141922825
-102.68275621814715
-102.55031205681524
-102.41778416217261
-102.28512810566747
-102.15234660261348
-102.01947815440978
-101.88644212092967
-101.75336078199986
-101.62006928886838
-101.48673529592854
-101.35322666840939
-101.21963584214203
-101.08591281170875
-100.95206420351983
-100.81812626104318
-100.6840189149516
-100.54986554875322
-100.41549850134365
-100.28108723648288
-100.14650147756113
-100.01182908144034
-99.8770263483702
-99.74209183757023
-99.60707160838004
-99.47187399186349
-99.33663081879298
-99.20117402104513
-99.06566626692603
-98.92999039151468
-98.794217044785
-98.65832155928624
-98.52228160057557
-98.3861659699271
-98.24985837200585
-98.11350332296452
-97.97694578622497
-97.84032156276966
-97.70354225976025
-97.5666478134535
-97.42964619845495
-97.29248047280217
-97.15525599740462
-97.01781792780143
-96.88033040681273
-96.74265855457172
-96.6048970924243
-96.46700071830415
-96.32896422847377
-96.19084277319496
-96.05253016084124
-95.91416653071572
-95.77559322429065
-95.6369518243384
-95.49815174240304
-95.35923145528014
-95.2202040275095
-95.08100372734329
-94.94174838062253
-94.80226693295455
-94.6627322682765
-94.52301935309654
-94.38320182756367
-94.24325925723842
-94.10315771312308
-93.96298490326505
-93.8225981740325
-93.68215650114244
-93.54152144765584
-93.40079282288411
-93.2599257595716
-93.11890899248633
-92.97780932350011
-92.83650321463354
-92.69514036148763
-92.55357368201832
-92.41191966537218
-92.27011857526678
-92.12817217110722
-91.98613606286446
-91.8438960379064
-91.70159739151491
-91.5590894127042
-91.41649526724677
-91.27375043007929
-91.1308595270556
-90.98787721217778
-90.8446882835722
-90.70143877720305
-90.55797963685185
-90.4144301684381
-90.27073167429545
-90.1268809499146
-89.98294247057004
-89.838789186533
-89.69457328649247
-89.5501529303125
-89.40563247425679
-89.26097022030976
-89.11614387792878
-88.9712390825371
-88.82610551349447
-88.68090720547185
-88.53551538374315
-88.39000779104668
-88.24437147818387
-88.09855323311896
-87.95266876430819
-87.80654149753852
-87.66034427250052
-87.5139705366331
-87.36745915975695
-87.22083828912227
-87.07401135429956
-86.92711592056426
-86.77999877058122
-86.63278561019996
-86.48541930919721
-86.33788698736552
-86.19027085679636
-86.042417927929
-85.89449413202496
-85.74637629364555
-85.59812965524539
-85.44975993206664
-85.301188976084
-85.15254548778898
-85.00366991672342
-84.85469982567757
-84.70557028487912
-84.55627208588544
-84.4068878737054
-84.2572600502718
-84.10755715930691
-83.95766148596023
-83.8076266151414
-83.6574741452413
-83.50710574711435
-83.35666049296708
-83.20599228098291
-83.05521109177076
-82.9042839273936
-82.7531652240556
-82.60196782256057
-82.45052057341978
-82.29898319653707
-82.14727480806708
-81.99539584446836
-81.84342558070455
-81.69120340698294
-81.53889974536602
-81.38640350902348
-81.23375410046097
-81.08099375974332
-80.92799694763873
-80.77491667123522
-80.62162586774419
-80.46819559461284
-80.31463842553251
-80.16085646518883
-80.00698900562521
-79.85289681885338
-79.69867502126782
-79.54431417509922
-79.38973631440332
-79.23507085952168
-79.08017037509043
-78.92514614737291
-78.7699746766756
-78.61458991569677
-78.45911540395517
-78.30339960782212
-78.1475617928537
-77.99157265004332
-77.83536973533512
-77.67907485006855
-77.52253662707885
-77.36587381050988
-77.2090598464008
-77.05202726515955
-76.89490042869792
-76.7375325611066
-76.58003306542267
-76.42238702773878
-76.26451300181787
-76.1065423694573
-75.9483375354188
-75.78998941385885
-75.63150394571375
-75.47277642548744
-75.31394987931039
-75.15490065133793
-74.9956916816593
-74.83635932000445
-74.67676597807804
-74.5170711206187
-74.35716996401044
-74.19708764209827
-74.03690081613823
-73.87642904090045
-73.71585318865118
-73.55509245988391
-73.39412399319968
-73.23304998954349
-73.07171191178796
-72.9102420885417
-72.74861403363047
-72.58674633449549
-72.4247704170699
-72.26255978165372
-72.10018271167908
-71.93767946450207
-71.77489914321153
-71.6120078453754
-71.44891671047122
-71.28561881151504
-71.12220835327669
-70.95852574986696
-70.79470529388753
-70.63072560266203
-70.46649297877428
-70.30214490898757
-70.137568313269
-69.97280460303116
-69.80792378398692
-69.64274661605158
-69.47744663537993
-69.31196779488928
-69.14624640841838
-68.98040489257313
-68.81431991177722
-68.64805339013957
-68.48166393260374
-68.31497011439816
-68.1481530603773
-67.98115181353683
-67.81390378231478
-67.64653071466826
-67.47891386694754
-67.3111060897459
-67.14317144185489
-66.97493514477154
-66.80656200247067
-66.63801452588594
-66.46920048874419
-66.3002562746817
-66.13108350596038
-65.96169452722344
-65.79217344578456
-65.62237144246832
-65.45240167196215
-65.28228356097696
-65.11186261848702
-64.94130611482417
-64.77055278363717
-64.59954109534051
-64.4283918244482
-64.25699923411268
-64.08539070923067
-63.91364254285378
-63.74160661510479
-63.56939506781341
-63.397035929606034
-63.22435839882443
-63.05153754671713
-62.878528879052055
-62.705237823477894
-62.53180128600219
-62.35813891045971
-62.184227889695045
-62.010169186562166
-61.83584888390079
-61.661311356895546
-61.486623906462896
-61.3116414161768
-61.136470739595936
-60.961147857221256
-60.78549887709059
-60.60968830365236
-60.43370445210689
-60.257403385655266
-60.08094606244176
-59.90428918850966
-59.72733680623927
-59.55022577297626
-59.37289146814467
-59.19528074464499
-59.01750893195381
-58.83949274437239
-58.66121654412271
-58.482776771739864
-58.30407420574178
-58.125125281314396
-57.946010256281305
-57.76661677189824
-57.586987762130825
-57.40719007695186
-57.227101089420614
-57.046784517555956
-56.86629664832388
-56.685507527587845
-56.50449579938163
-56.32331010387055
-56.14181617407226
-55.960101575867306
-55.77821029159203
-55.59600683055996
-55.413581527327274
-55.23097676956869
-55.04805900829581
-54.86491504163998
-54.68158880143554
-54.497951923550765
-54.314081209681795
-54.1300253517806
-53.945664493012686
-53.76105882068057
-53.576265081462275
-53.39117532909595
-53.20582635748983
-53.02028634284737
-52.83446273517147
-52.64836199178085
-52.46206717496407
-52.27550470071232
-52.08864357915096
-51.901585298574076
-51.71427889635727
-51.526648654147664
-51.338818111155426
-51.15076266888578
-50.96235442520501
-50.77374268180131
-50.58492646934936
-50.39573776949286
-50.20633574602694
-50.016725973464624
-49.82677522767515
-49.63657370048746
-49.446161084488125
-49.25544299857737
-49.06443259760305
-48.87320770737395
-48.68171693375932
-48.48988814008846
-48.29784139491245
-48.10557253199414
-47.912915675388454
-47.72003734211975
-47.526936434606924
-47.333490190012895
-47.13977038052895
-46.94582438216783
-46.751586303774275
-46.55701497238114
-46.36221377181293
-46.167178263921414
-45.971745204711986
-45.776078529193406
-45.58017705213778
-45.38393478333542
-45.18739219602671
-44.99061096483378
-44.793557026718844
-44.59612792392407
-44.39845626512184
-44.20054079985004
-44.00225846810632
-43.80368553730634
-43.60486478840693
-43.4057561810096
-43.20627096002181
-43.00653383645208
-42.806543491421095
-42.60618429966952
-42.40551953233968
-42.204597355062454
-42.003396903738796
-41.80179304249526
-41.599927506744855
-41.397798905852326
-41.195325104559764
-40.992504498605086
-40.78941645423477
-40.58605953769789
-40.382298443864
-40.17823897618033
-39.973906151467304
-39.769279009662824
-39.564235945526754
-39.35891495799274
-39.15331453591652
-38.947376379442765
-38.74105477636745
-38.534449055719016
-38.32755765980208
-38.12029395814275
-37.912670199602545
-37.7047559630021
-37.49654964275628
-37.28794563743619
-37.07899552702156
-36.86974840722324
-36.66020262318803
-36.45024332355072
-36.23994206984756
-36.02933709994616
-35.818426708306845
-35.60709688719651
-35.39541908824004
-35.18343068599184
-34.971129922764625
-34.758414112112355
-34.545333739402615
-34.33193569110225
-34.11821815587277
-33.90410064218207
-33.689591024248976
-33.474756468152236
-33.25959510735382
-33.04405992708527
-32.828093732586176
-32.611795141861656
-32.395162231579924
-32.17819306234022
-31.96074238677
-31.742951551966545
-31.52481868025285
-31.306341773295813
-31.087435183782205
-30.868123194797324
-30.64846124347992
-30.428447270858417
-30.208067935686884
-29.98720516321909
-29.76598428919301
-29.544403192241642
-29.322459733234904
-29.100090084881526
-28.87727970086251
-28.65410067078151
-28.43055079075378
-28.206627838417994
-27.98223681345343
-27.75742827133514
-27.532240161852144
-27.306670195436023
-27.080716063298723
-26.854271923846582
-26.62741297945009
-26.40016315564612
-26.172520073888776
-25.944481335640162
-25.715951651904444
-25.486988302435684
-25.257622356285275
-25.027851342504697
-24.7976727693481
-24.56702440160192
-24.33590082229857
-24.104362508744156
-23.872406894023683
-23.64003138958661
-23.407230469605054
-23.17388894791512
-22.94012011844844
-22.705921314615264
-22.471289847317784
-22.236223004745792
-22.000682626423107
-21.76462316006799
-21.528120590046942
-21.291172122820228
-21.053774941217863
-20.815926204224695
-20.57759077505161
-20.33872180048405
-20.099393217725986
-19.859602100156682
-19.619345496344884
-19.37862042982312
-19.137423898859026
-18.895658835094192
-18.65340801205662
-18.410677268183658
-18.167463511277717
-17.923763622851617
-17.679574457887917
-17.43488649679355
-17.18961306838608
-16.943841549351202
-16.69756869988683
-16.450791252581965
-16.203505912164115
-15.955709355243249
-15.707398230053297
-15.458515766156573
-15.2090774812248
-14.959115296777563
-14.708625759958217
-14.457605388377733
-14.20605066984232
-13.953958062078474
-13.701323992456297
-13.448123171757587
-13.194316729600462
-12.93995894381093
-12.685046133910465
-12.429574587822335
-12.173540561579024
-11.916940279027523
-11.659769931530032
-11.402025677663085
-11.143703642913433
-10.88476058004914
-10.625205198504752
-10.365061402714138
-10.10432520099977
-9.842992567236035
-9.581059440528447
-9.31852172488929
-9.055375288910692
-8.791615965434133
-8.527239551216784
-8.262241806593831
-7.996618455138417
-7.73035136050024
-7.463414907993178
-7.195841217686352
-6.927625883491084
-6.658764461039105
-6.3892524673242885
-6.119085380339663
-5.848258638711506
-5.576767641329035
-5.304607746971398
-5.031774273929269
-4.758262499624225
-4.48406766022355
-4.209184950250929
-3.933609522193648
-3.657336486105833
-3.380360909207624
-3.102677815479461
-2.824282185253648
-2.5451689548005603
-2.265333015911828
-1.9847692154777463
-1.703472355062673
-1.421437190472886
-1.1386584313236314
-0.8551307405987573
-0.5708487342076306
-0.28580698053763176
-4.5740558629741075e-14
