-219.80658223124615
-220.0882802747637
-220.36755327486793
-220.64356980161648
-220.91686484855302
-221.18766129119652
-221.45593338135757
-221.72129030172957
-221.9834083953896
-222.24292321889868
-222.499806992191
-222.7540313908578
-223.0048172259668
-223.25264329219084
-223.49772369933694
-223.74002788053696
-223.97952465930373
-224.2153004320353
-224.44813299591905
-224.6780638431461
-224.90505932659835
-225.12908511863625
-225.34937824050212
-225.56645072413306
-225.78045045814457
-225.9913403978869
-226.19908274145885
-226.40338544570125
-226.60386039575695
-226.8010751807706
-226.99498901678618
-227.1855602798897
-227.37274648627374
-227.5562908874919
-227.73578831062213
-227.91177537156835
-228.08420625170316
-228.25303418228157
-228.41821142267847
-228.5796892382677
-228.73709357142235
-228.89032617053783
-229.03971723059905
-229.1852142247974
-229.32676353320315
-229.4643104188559
-229.59779900350858
-229.7271722430313
-229.85220743123818
-229.97260564149053
-230.08872438182954
-230.20050223600532
-230.30787651310027
-230.41078322132032
-230.50915704148684
-230.6029313002374
-230.69203794294498
-230.77640750636675
-230.85596909103467
-230.93065033339985
-231.0001937386446
-231.0645675540901
-231.12385701382942
-231.17798439353436
-231.22687038475084
-231.2704340661568
-231.3085928746878
-231.3412625765536
-231.3683572381691
-231.38978919702612
-231.40546903253306
-231.41530553685274
-231.4192056857682
-231.4170746096115
-231.40881556428923
-231.39432990244342
-231.37351704478652
-231.34627445165324
-231.31249759481284
-231.2720799295896
-231.22491286733992
-231.170885748339
-231.10988581513115
-231.0417981864025
-230.9665058314355
-230.88343746590235
-230.79285864071102
-230.6946621930154
-230.5887208867235
-230.47490519824635
-230.35308329645432
-230.2231210237935
-230.08488187865208
-229.9382269990712
-229.7828117947987
-229.6179168234902
-229.44411289023276
-229.26125000492402
-229.06917574591301
-228.86773525527877
-228.6567197345454
-228.43471163973769
-228.20278545993858
-227.96077495979245
-227.7085114765482
-227.4454373398665
-227.1704268114297
-226.88456115351164
-226.5876605130622
-226.2791330966774
-225.95756237084873
-225.62431409288274
-225.27919774517068
-224.92038573735888
-224.54854194489758
-224.1641494372475
-223.76549249592804
-223.35269766561817
-222.92664616870957
-222.48495423184573
-222.02875417075893
-221.55810608251267
-221.07048488596854
-220.5683395588689
-220.0489004291416
-219.51348719507163
-218.96098238272825
-218.39096779224468
-217.80364461651288
-217.197679494392
-216.5737489265171
-215.93047613931702
-215.26812370980784
-214.58618716750584
-213.88358586368167
-213.16164080933
-212.41696605732383
-211.65217324059364
-210.8651374700658
-210.05544999656047
-209.2240682641102
-208.36872481053155
-207.48973084901576
-206.58752802594776
-205.66090296158933
-204.7085655787081
-203.73162254108973
-202.72959706788217
-201.70179642112623
-200.64667473826034
-199.56533103442246
-198.45739529624973
-197.3225317454548
-196.16044231016568
-194.97087007630319
-193.75300557444245
-192.5072099299757
-191.2335679013299
-189.9320145595842
-188.60254092398287
-187.24519652994445
-185.8600917101868
-184.4473995485174
-183.0073574677431
-181.54026841588106
-180.0465016184148
-178.52649286870042
-176.98074433376422
-175.40982385856142
-173.8143637581845
-172.19505909443694
-170.55266544044838
-168.8879961444703
-167.20159364509198
-165.49470120162758
-163.7683154158255
-162.02344997534254
-160.26115500759184
-158.4825119098143
-156.68862796335543
-154.88063079097998
-153.0596627177842
-151.226875096898
-149.38342266064615
-147.53045795624962
-145.66912592251575
-143.80055866040743
-141.92587044599802
-140.04615302922758
-138.16247125626373
-136.27585904721766
-134.3873157546969
-132.49780292229505
-130.6082414557738
-128.71950921353786
-126.83243901712959
-124.94781707698898
-123.06638182372399
-121.1888231306643
-119.31578190958683
-117.44805339556524
-115.58614589549211
-113.73049256704238
-111.88154785339822
-110.03971932810269
-108.20581454645762
-106.38002247250449
-104.56244191517297
-102.75331116803535
-100.9538008441753
-99.1632849410306
-97.38186175545428
-95.61076056213909
-93.84923055077087
-92.09737770184368
-90.35636671739516
-88.62495050380303
-86.90435913763456
-85.19394910259126
-83.49398200861778
-81.80475066166451
-80.12572302615905
-78.45769578534237
-76.79981148072198
-75.15288341409726
-73.51624582638074
-71.89019782098265
-70.27482036515721
-68.66933454900239
-67.07515076530467
-65.49046672675998
-63.916698201590336
-62.35302442831715
-60.7987919675918
-59.255905947184644
-57.72237424182932
-56.19828007840565
-54.68516331524215
-53.18126144175067
-51.68653287018841
-50.20225544855252
-48.727354900005366
-47.26144656759016
-45.80464077662011
-44.35802178314762
-42.92018942498157
-41.491084937959
-40.07064793521853
-38.65984313435102
-37.25777778227163
-35.86414626838409
-34.478882577471246
-33.10191965070423
-31.73376162735266
-30.374179748163698
-29.022648406516755
-27.679097292946132
-26.343455519408792
-25.015651691908033
-23.69561398012975
-22.383589791854526
-21.07953657475224
-19.782990235890445
-18.493878141492395
-17.212127555042056
-15.937665688840493
-14.670419753156008
-13.41031700303719
-12.157284782860467
-10.911250568682643
-9.672142008469983
-8.439886960267243
-7.214413528380802
-5.9956500976352665
-4.783525365773607
-3.5779683740623196
-2.3789085361616906
-1.1862756653278848
-5.668155200325703e-14
0.0
1.179987772162988
2.353756491745009
3.5213745064745385
4.682909651513674
5.83842923108096
6.988000001356671
8.131688154620456
9.269559304572677
10.401678472792135
11.528110076284165
12.648917916074545
13.76416516680582
14.873914367294152
15.978227412005857
17.077165543414324
18.170789345199005
19.25915873624956
20.342332965439407
21.420370607134075
22.493329557400884
23.560953370849376
24.623332018885122
25.680780636350022
26.733354940030196
27.78110995314265
28.82410000486713
29.86237873039299
30.895999071455023
31.925013277333647
32.949136502777776
33.96831269624565
34.98301890505697
35.99330513859241
36.99922071745124
38.0008142766445
38.998133769114574
39.99105870605706
40.97906763061154
41.96292898652193
42.94268850784218
43.91839126020929
44.890081645901546
45.85780340911555
46.82071104813876
47.779616225627564
48.73466971246367
49.68591309796915
50.633387334024555
51.57691826761917
52.51589690742893
53.451216939388864
54.38291721846919
55.311035986342475
56.23561087828813
57.155610983647776
58.0720626446657
58.98507330194869
59.894678582843326
60.80091353544362
61.70262350833251
62.60102239764808
63.49614780782928
64.38803285795956
65.27632734519975
66.16058906843787
67.04170277759064
67.91969972501583
68.79461063477292
69.6654085359586
70.53295765041524
71.39750741619571
72.25908677817068
73.11704694035713
73.97145804721633
74.8229812261768
75.6716437099513
76.51700295226128
77.35868269175381
78.19758013083766
79.03372085810632
79.86670947792202
80.69604513652786
81.52269853185248
82.34669367686718
83.16753543389848
83.98489555168165
84.79966805803672
85.61187545879815
86.42078757062818
87.2265225571118
88.02975940446845
88.83051917946833
89.62771232686947
90.42215508053398
91.21418419286431
92.00367852004432
92.78949769935478
93.57296422651592
94.35409683887025
95.13220884987842
95.907275114078
96.68006514349577
97.45059641385691
98.21751944204536
98.9821212874838
99.74451887757766
100.50408680119097
101.26064941190037
102.01506006745305
102.76733420345803
103.51602103281823
104.26258622884
105.00706424540738
105.74859528751509
106.48745134674608
107.22426750583898
107.95871917763742
108.68999738717562
109.41928097082761
110.1465827480477
110.87055453471906
111.59242995853567
112.3123661777853
113.02944142593529
113.74402835031835
114.4567168003044
115.16696537811852
115.87437881705404
116.57993269164369
117.28342261307692
117.98377304034358
118.68230104346505
119.37901650332171
120.07249192825493
120.76409837604251
121.4539270863614
122.14080582531943
122.8255907453914
123.50863108276022
124.18897471651212
124.86703394428014
125.54338013847605
126.21724842497215
126.8886736968912
127.55841592265529
128.2258668032401
128.89074584691667
129.5539703125577
130.2150599178089
130.87347653889051
131.53026557164657
132.1850482267993
132.8370823925788
133.48751452066819
134.13604275058833
134.781770670257
135.4259207015592
136.0682452352284
136.70773943672125
137.34567853402956
137.98184830850767
138.6151777118852
139.2469734646782
139.87703562851027
140.50426561582537
141.12998210850682
141.75398202454284
142.3751745061435
142.99487238270203
143.61285363029845
144.2280671075204
144.84180363256226
145.4538080091362
146.06309763333772
146.67092674944786
147.2769942713548
147.88041189925005
148.4823842806353
149.08255318334267
149.68014742858838
150.27631053095766
150.87061726848762
151.46243354947705
152.05283165611388
152.64131089972798
153.2273914835472
153.81206574752647
154.39475038362664
154.97513442612558
155.55412290862762
156.1310440358479
156.7057676177767
157.27910532244798
157.85029224791194
158.41938840707286
158.98710731038187
159.5525875451002
160.1160863044608
160.6782153819938
161.2380146353781
161.79594302709017
162.35250827572983
162.90665044919743
163.45903253446244
164.01005699038785
164.55856417003335
165.10542105475173
165.6509248071963
166.19381725550508
166.73516710164296
167.27516730234078
167.81246344892034
168.34832148152336
168.8828258127849
169.41454878107592
169.94492729085556
170.4738595053923
171.00011156213833
171.5250199035508
172.04839380155275
172.56918236341727
173.08862694815082
173.60645445639344
174.12178398883572
174.63576827461728
175.14805943246245
175.65793143588968
176.16645591051488
176.67321885479123
177.17763184587778
177.68069400636446
178.1819349551002
178.68088444317112
179.17847876992903
179.67420200491063
180.16768046327968
180.6597983891836
181.15000623731433
181.63800306945873
182.12463294370605
182.60932575713582
183.09182725758683
183.5729543042132
184.05213043921236
184.5291197490314
185.00472601995105
185.47838181450038
185.94983887120344
186.41990319363538
186.88803294370211
187.35393442548977
187.81843234362165
188.28102827809346
188.74134754223502
189.20025125296934
189.65730350721594
190.1120105224281
190.5652888050502
191.0167853930819
191.46584666573665
191.91346480533147
192.35939159052472
192.80277008451105
193.24468978895254
193.68503045331005
194.1226855033674
194.5588648136929
194.99356200854305
195.4254880439395
195.855881237914
196.28477363363825
196.71106299437332
197.13562048304152
197.55865709383022
197.97928556312206
198.39795378013528
198.81507959420583
199.2300206165782
199.64274190007663
200.05389775816195
200.4631224000669
200.86983486688843
201.27495733294188
201.67843424170337
202.07907165368113
202.47809287755797
202.87548873545302
203.27027986070544
203.66312743256927
204.0543212332243
204.44327537497142
204.82987217116874
205.21478502062837
205.59786201088025
205.97812603101545
206.35667408610942
206.73349513552878
207.10767532623314
207.4797696184045
207.85010231852954
208.21829333897992
208.58383958862254
208.94758762417763
209.30952489322112
209.66863831099167
210.02569977277113
210.38091098582007
210.73390598164752
211.08417315632573
211.4325483444853
211.77901726059474
212.122727344224
212.46415041465184
212.80362228236362
213.14106656529958
213.4754150646005
213.8077649258331
214.13809987727137
214.46602403198995
214.7911202084885
215.11415047032756
215.43509729938268
215.75334617352325
216.06893029701536
216.3823761701374
216.69366492237896
217.002072422027
217.3078655367849
217.61144263980276
217.91278339425259
218.21117211749345
218.50687479285716
218.800277876863
219.091359444121
219.37954029795924
219.66483129409346
219.9477328812411
220.22822141452292
220.50599321502753
220.78052806043502
221.05257699316675
221.32211450887934
221.5891146122624
221.85267304195156
222.11349293957528
222.3716957441727
222.62725340528192
222.8798839599396
223.12907157942553
223.37552859947147
223.61922475224057
223.8601291679946
224.09780633911268
224.3320773517378
224.56346322130742
224.7919306346737
225.01744560656832
225.2397010914404
225.45829628981144
225.67383698259795
225.8862864969553
226.09560741189603
226.30176153998576
226.50402792463512
226.702877838436
226.89844729897942
227.09069510480015
227.27957920455162
227.4650566768929
227.64647556719194
227.82422347801668
227.99843823476212
228.16907354644013
228.33608216110832
228.4994158439285
228.65902535486723
228.81418682248966
228.96550515053355
229.11295581127814
229.25648573432136
229.39604074422863
229.53156553644942
229.66300365289115
229.79029745715297
229.91293768066936
230.03120375434486
230.14515980768948
230.25474379037658
230.35989236434514
230.4605408774408
230.5566233367607
230.64807238171252
230.73481925679658
230.81679378412434
230.89392433568406
230.9661240602643
231.0330113941571
231.09485264940142
231.1515708830005
231.20308758214694
231.24932263555417
231.29019430464564
231.32561919462287
231.35551222543614
231.3797866026825
231.39835378845794
231.4111234721924
231.41800354149734
231.41890005305913
231.4137172036113
231.40235730102307
231.38472073554237
231.36070595123348
231.33020941765378
231.29312560181387
231.24934694047022
231.19876381279988
231.14126451351274
231.07673522645504
231.00505999876526
230.92590941102608
230.83909239264887
230.74472051856122
230.64266768856476
230.53280552539354
230.41500335412323
230.2891281826967
230.1550446836534
230.0126151771563
229.8616996154118
229.70146864981655
229.532137794567
229.3538232858827
229.16637391861076
228.96963605342
228.7634536131702
228.54694515315788
228.31999864315296
228.08305123457134
227.83593547697615
227.57848149845296
227.30927781752752
227.02886205969787
226.7375015379772
226.43501523459105
226.11979560546632
225.79240978243845
225.45325141936306
225.10166390770797
224.73601999148804
224.3579267496503
223.96698286247087
223.56073929764347
223.1413418925515
222.70787458832686
222.25858953970192
221.79542170140883
221.31609757188102
220.82124118190916
220.31094281160938
219.78309095112016
219.24006195002585
218.6779411089974
218.10003510523842
217.5026972897623
216.88856394839235
216.25421688018878
215.6024996507915
214.92932830880065
214.2378637482263
213.52485358725824
212.7917113647871
212.03763424240384
211.2610001927362
210.4634554741192
209.642655269888
208.79883874962383
207.93255964444086
207.04192770595856
206.12674455442124
205.18763560279208
204.22409541664706
203.23396143440553
202.21832184130557
201.17699999995585
200.10958000326386
199.01567540974963
197.89375287631373
196.7447487060491
195.56845533920563
194.3646365582074
193.13310190231692
191.87370991057227
190.5863712172194
189.27105145825985
187.92777394713107
186.55662207762967
185.15774141303075
183.7313414219837
182.27769682422766
180.79714851245637
179.29010402077057
177.75703751505284
176.198489286212
174.61506473349354
173.00743283183894
171.3763240844422
169.72252796908793
168.04688989436556
166.35030768928286
164.63372765698344
162.89814023001108
161.14457527071514
159.37409706580314
157.587799068572
155.78664297675653
153.97189868602857
152.14478135635983
150.30644400124416
148.45803964894537
146.600715866734
144.73560946039137
142.86384139900406
140.98651201021252
139.10469648563068
137.21944073024136
135.3317575833724
133.44262343251143
131.55297523486308
129.66370795533214
127.77567242365707
125.88967873246378
124.00658681089101
122.12706694665147
120.25178904674804
118.38137378786584
116.51639269464617
114.65736853765478
112.8049809772462
110.95979027408205
109.12196563752602
107.29184945995347
105.46991794820084
103.65694676735514
101.85260465438705
100.05707268358589
98.27148803079676
96.49527703472086
94.72836844492187
92.97222810295173
91.22565930832366
89.48928135416456
87.76352812552608
86.04745511248849
84.34281523874648
82.64776089349323
80.964068973835
79.29017253083188
77.62757375104536
75.9747597147799
74.33337774985398
72.70149038740016
71.08131975529696
69.4707006696894
67.87105489050253
66.28162164800267
64.70207901082568
63.13368072539757
61.57472690701331
60.02617786273588
58.48797266413446
56.95910669876654
55.440567346111706
53.9320630513899
52.43275319984687
50.94309357764632
49.463677957410454
47.993279930895234
46.53184819467067
45.08022934423957
43.638010908040144
42.204549935056
40.77978683552872
39.364058820883386
37.9577521459166
36.55991189595321
35.170472612858234
33.78936774799563
32.416593313466215
31.052960000872893
29.69741214005679
28.349879739030005
27.010292189770194
25.678578342368144
24.35466657614819
23.03848486783479
21.730620289385882
20.430329582123296
19.137509452373834
17.85208720839312
16.57399008178075
15.303145277825532
14.039480023477855
12.782921613020381
11.533397451510137
10.290835096060313
9.055162295030652
7.826307025196183
6.604197526957644
5.388762337662637
4.17993032310021
2.977630707230402
1.781793100213282
0.5923475247968178
-0.5907755588796029
-1.7676452300046928
-2.938330085283622
-4.1028982185413385
-5.2614172016836385
-6.413954066968648
-7.560575290534233
-8.70134677713288
-9.836333846027758
-10.965601218001225
-12.089213003430778
-13.207232691390047
-14.319723139730478
-15.426746566102647
-16.528364539878453
-17.62463797493309
-18.715627123251796
-19.80139156932274
-20.881990225282053
-21.95748132677751
-23.027897684460953
-24.09276245805649
-25.152669082893336
-26.207673622198577
-27.25783144606527
-28.30319723071758
-29.34382495830313
-30.3797679171873
-31.411078702724808
-32.43780921848209
-33.45928650016589
-34.476221406968705
-35.4887114200892
-36.4968062041394
-37.5005547365046
-38.50000531070174
-39.495205540055494
-40.485584499036776
-41.47151388054509
-42.45331864429571
-43.43104418951583
-44.40473524951692
-45.37443589686386
-46.33980090291745
-47.300647722616844
-48.25762181603163
-49.21076509352335
-50.16011882491415
-51.10572364571957
-52.04686736608462
-52.98401180650009
-53.91751714364072
-54.84742192497095
-55.773764088097884
-56.696083483001196
-57.61426918916024
-58.528995858402645
-59.44029941044854
-60.34821518210019
-61.25218600690764
-62.152234229534045
-63.04899220469777
-63.94249332954897
-64.83277044699804
-65.7188536826992
-66.60153745903027
-67.48108891397374
-68.35753903477507
-69.23050003964833
-70.09955984048752
-70.96560563107494
-71.82866660814503
-72.68874977194949
-73.54461520558561
-74.39757891441549
-75.24766837156372
-76.09491057126776
-76.93819222671466
-77.77847758887444
-78.61599350191055
-79.45076532742382
-80.28171410791926
-81.1097056061412
-81.93502690169257
-82.75770179199397
-83.57654036691855
-84.39260384005699
-85.20609100597034
-86.0169765849843
-86.82396866314267
-87.62845192241709
-88.43044762443375
-89.22957957901917
-90.0252366541545
-90.81847010235242
-91.6092998024594
-92.39688337607993
-93.18152386513663
-93.96382111462754
-94.74379368712617
-95.52002761650493
-96.2939535581663
-97.06561204416448
-97.83438675131958
-98.6000969262054
-99.36359458981174
-100.12489617583591
-100.88263807726878
-101.63812276241464
-102.3914632471745
-103.1419511845652
-103.88956543544819
-104.63508523173056
-105.37839798294466
-106.11827916293049
-106.85611355968625
-107.59191487284892
-108.32460842168862
-109.05488770015151
-109.78317879376223
-110.50888584996949
-111.23173539771264
-111.95263972189161
-112.6714324819355
-113.38697290468488
-114.10060918084038
-114.8123525989891
-115.52090520866815
-116.22738753765931
-116.93201558711543
-117.6338262550428
-118.33326422273686
-119.03088473142249
-119.7260191640752
-120.41851794417124
-121.10923437642255
-121.79775644233202
-122.48341689633823
-123.16732845148019
-123.84930018813074
-124.52821896239195
-125.20542067032719
-125.88090229077784
-126.5531719104594
-127.22375472418196
-127.89265821319009
-128.55851358331043
-129.22256446826253
-129.88496423615877
-130.54447208130284
-131.20207410150138
-131.85805174355494
-132.5112659384179
-133.162498339283
-133.81213167114012
-134.4591042912161
-135.1040425790386
-135.7474057146147
-136.3881870405545
-137.0269030585458
-137.66406648448026
-138.29870500591798
-138.9312670067871
-139.56229765340763
-140.19084007222392
-140.81731278723123
-141.44227409597875
-142.06476532896863
-142.685210033408
-143.30416202067295
-143.92064520158834
-144.5351197766502
-145.14811909397446
-145.75863557491164
-146.3671945658813
-146.97429455648037
-147.57888390858483
-148.1815785793313
-148.78282933089034
-149.38152934434947
-149.97840772805972
-150.5738561217599
-151.16670280505917
-151.75780975117186
-152.3474995068988
-152.93452708531282
-153.51990430260534
-154.10387602029525
-154.68511693358894
-155.26480302937097
-155.843094226443
-156.41857912575668
-156.9926096411196
-157.56522746761786
-158.13501252984187
-158.70341997091307
-159.27032439758327
-159.83450816191402
-160.39732202706307
-160.95853921428022
-161.51714923296623
-162.07439603590396
-162.62995033773416
-163.18301118664294
-163.73471447535638
-164.28462843246385
-164.83216172767231
-165.3783420991286
-165.92263643073125
-166.46466084084952
-167.00533595140467
-167.5440295462531
-168.080560800408
-168.61574537184657
-169.14885527820206
-169.6799061696107
-170.20961199074193
-170.7371534053285
-171.26273379038085
-171.78696971411
-172.30895597001637
-172.82907276278507
-173.3478446985746
-173.86428725207816
-174.37894441416714
-174.89225531579652
-175.40316373208802
-175.91236225772565
-176.42021210625387
-176.92559404403215
-177.42933194031028
-177.9317177221389
-178.4315789170533
-178.92985117920637
-179.42676685913383
-179.92111110604515
-180.41390968765876
-180.90534617681342
-181.3941753108481
-181.8814890888779
-182.36743420740726
-182.85074808377541
-183.3325628182539
-183.81300125264272
-184.29079772519424
-184.76709601349182
-185.24200926837494
-185.71428416686317
-186.18504539236767
-186.6544117366954
-187.12115884272077
-187.5863591177879
-188.0501535251953
-188.51136454679886
-188.97097664982164
-189.42917073304397
-189.884835277921
-190.33882858435712
-190.79139052352846
-191.24149607083217
-191.6898364780212
-192.13673094268273
-192.5812628133858
-193.02391265897938
-193.46510072361787
-193.90404204940182
-194.34096002322246
-194.7763990761497
-195.2097307667892
-195.64087181592515
-196.07051546130194
-196.4982161705119
-196.9235313974457
-197.34732935024502
-197.76937543995817
-198.18881199352177
-198.60670996721677
-199.02306169563406
-199.4365764291922
-199.8485160159479
-200.25888610261194
-200.66667684596808
-201.0725953891043
-201.47691961266662
-201.8789544017475
-202.27878486023542
-202.67699455509185
-203.07323895296207
-203.4669097577048
-203.8589316665134
-204.24929489872608
-204.63678362005794
-205.02253973766437
-205.40660671272184
-205.78820783227025
-206.1676152407695
-206.5453011823788
-206.920971242299
-207.29394193695796
-207.6651569044065
-208.03460437389762
-208.40129046310471
-208.76593916341824
-209.12878339620235
-209.48941789748775
-209.8473994877344
-210.2035374987717
-210.55781854120966
-210.90927518307484
-211.25859813636188
-211.60602198812057
-211.95128884349452
-212.29368182890823
-212.63413120353187
-212.97262172246337
-213.3084896381277
-213.64184083567915
-213.9731852927882
-214.30250660275192
-214.6288292762465
-214.95289466664752
-215.27488542053138
-215.59475807579798
-215.9114043499646
-216.22592168655126
-216.53829137873072
-216.8483511170004
-217.15524472397357
-217.45993235227354
-217.7623938459642
-218.06246517614045
-218.3593095493583
-218.6538651447044
-218.94611023619711
-219.2360060411115
-219.52248301150004
