0.0
1.3917824079038912
2.781613675524042
4.169491424896932
5.555413379271793
6.939377361651465
8.321381293343187
9.7014231925195
11.07950117278932
12.45561344177924
13.829758299725224
15.201934138074707
16.572139438099196
17.940372769517456
19.306632789129363
20.67091823946043
22.033227947417128
23.393560822953045
24.75191585774588
26.10829212388544
27.462688772572534
28.815105032828914
30.165540210218296
31.513993685578413
32.86046491376423
34.20495342240226
35.547458810656124
36.88798074800318
38.22651897302249
39.56307329219391
40.89764357870845
42.23022977128985
43.56083187302748
44.8894499502204
46.216084131232634
47.54073460535987
48.8634016217072
50.184085488078196
51.50278656987517
52.81949324151036
54.134118060547664
55.44675838707857
56.75741480820393
58.066087963706764
59.372778545010966
60.67748729415172
61.980215002756466
63.280962511037345
64.57973070679448
65.87652052443025
67.17133294397478
68.46416899012198
69.75502973127692
71.04391627861365
72.33082978514418
73.61577144479803
74.89869273615889
76.17953446699336
77.45840506302744
78.73530588119378
80.01023831518575
81.2832037945935
82.55420378405024
83.82323978238904
85.09031332180999
86.35542596705771
87.6185793146092
88.87977499187167
90.13901465639071
91.39627545428469
92.6514128256896
93.90459630211171
95.1558276657523
96.40510872533966
97.65244131539045
98.89782729548028
100.14126854952454
101.38276698506847
102.6223245325869
103.85994314479353
105.09562479595968
106.32919353832247
107.56078017574583
108.7904329764529
110.0181540084772
111.24394535826855
112.4678091300611
113.68974744525042
114.90976244177914
116.12785627353168
117.34403110973794
118.55813023307897
119.7702213826482
120.98039731232085
122.18866026248988
123.39501248611344
124.59945624816427
125.80199382508721
127.00262750426518
128.20135958349326
129.3981082933974
130.59277012794553
131.78553459649154
132.9764040498571
134.1653808467968
135.352467353515
136.53766594319038
137.72097899550764
138.9024088961975
140.0817804046941
141.2591561370907
142.43465330118505
143.6082743194651
144.78002161826572
145.94989762734758
147.11790477948352
148.2840455100515
149.44819959952343
150.61030193931663
151.77054267025767
152.92892425151956
154.0854491429107
155.2401198045046
156.39293869627596
157.54390827774364
158.69284079819295
159.8397890425697
160.98489294859684
162.12815498788302
163.26957762982366
164.40916334127786
165.54691458625047
166.68280133385537
167.81654664708017
168.94846255513696
170.07855152485757
171.2068160186336
172.33325849413032
173.45788140400626
174.58068719563803
175.70135991594105
176.82017837173333
177.9371848151037
179.05238168665687
180.1657714203124
181.27735644305804
182.38713917470858
183.49477956642548
184.60059128089011
185.7046058081593
186.80682555370362
187.90725291456292
189.0058902791313
190.1026779297186
191.19735805504183
192.29025326030919
193.3813659136289
194.47069837332012
195.5582529877226
196.6440320950106
197.72780703695912
198.80964539669247
199.88971325715318
200.9680129299029
202.0445467153196
203.11931690243378
204.1922576782149
205.26310083631597
206.3321853238873
207.39951339838257
208.4650873049873
209.52890927647627
210.59098153307363
211.65093388895127
212.7090952814081
213.76551176156983
214.82018551282823
215.8731187052103
216.92431349525683
217.9734530853675
219.0207502742518
220.0663137385215
221.11014559375585
222.1522479413157
223.1926228682395
224.23095980566802
225.2674500697313
226.30221744759726
227.33526398155144
228.36659169889958
229.39620261187957
230.42374699912438
231.44948579400665
232.47351215853385
233.4958280567104
234.51643543688388
235.53533623167124
236.55209798908743
237.56713875202686
238.5804771271917
239.59211499576972
240.60205422269183
241.61019679062304
242.61628535675024
243.62067932515723
244.62338050682854
245.62439069601243
246.6237116701679
247.62108848087712
248.61656989773786
249.61036594050572
250.60247832995435
251.59290876964067
252.58165894586318
253.56827854653184
254.55319964570168
255.53644410616894
256.51801355502437
257.4979096017181
258.4759290676201
259.4520039936464
260.4264089573026
261.39914550681874
262.3702151724367
263.33961946638357
264.30689503812914
265.27248743073574
266.23641765317103
267.1986871542596
268.1592973645002
269.1179821909035
270.0747873672242
271.02993625168995
271.9834302096368
272.9352705877894
273.88536791112284
274.83340959330604
275.77980048476434
276.72454186539574
277.66763499622584
278.60908111939705
279.54844762637583
280.4861021672925
281.42211222307
282.3564789672158
283.28920355411697
284.21998739135796
285.14892546576806
286.0762236803393
287.0018831193359
287.9259048476807
288.8481069479527
289.76834662769943
290.68695066256856
291.60392004593723
292.5192557516343
293.43287622745675
294.3444337203747
295.25435936346514
296.1626540576437
297.0693186840814
297.97435410420485
298.8772463780199
299.77850749390996
300.67814093280435
301.57614748170863
302.4725279076976
303.3668355564285
304.2594440380475
305.15042767499756
306.0397871586548
306.9275231602833
307.8132432941741
308.6972090157565
309.57955227671187
310.46027367135554
311.3393737737139
312.2165024795501
313.0918332506502
313.9655434883612
314.83763368853056
315.7081043265404
316.5766366224123
317.44333814278997
318.3084205918274
319.1718843655106
320.03372983918234
320.8936596301272
321.75173544532254
322.6081931777452
323.46303312212945
324.3162555523855
325.1675755868644
326.01702704428715
326.8648609257822
327.7110774234378
328.5556767083309
329.3983785354964
330.2392047408598
331.07841338719135
331.91600456252456
332.75197833368674
333.5860522613993
334.41825003533836
335.2488297689419
336.0777914447578
336.905135023924
337.73057007747724
338.55413391219463
339.3760787187648
340.1964043727887
341.0151107282424
341.8318946097596
342.6468166255518
343.4601181104751
344.2717988316847
345.0818585344831
345.88997758294863
346.69624748446785
347.50089482896
348.3039192735904
349.1053204534285
349.9047596053202
350.7023646374374
351.49834455424985
352.29269890133594
353.0854272019195
353.8761699524104
354.6650948555474
355.4523915441134
356.238059450444
357.0220979842433
357.80412634894174
358.58435331374983
359.36294841464826
360.13991096900816
360.91524027127303
361.68853474847515
362.46004336973976
363.2299159183586
363.9981515949447
364.76474957686673
365.5292891102932
366.29205633995394
367.0531827192428
367.81266733014337
368.5705092310564
369.32627117305174
370.0802712722302
370.8326251644363
371.5833318110699
372.33239014958593
373.07935022475885
373.8245547146932
374.56810705198194
375.31000607539806
376.0502505993826
376.7883828686661
377.5247604804596
378.2594793943259
378.99253832427456
379.7239359595708
380.4532127846884
381.18072940778
381.90658017716316
382.63076367984877
383.3532784776648
384.07367048598525
384.792289115263
385.50923411328336
386.2245039377215
386.93809702060327
387.64957307037383
388.35925375185144
389.06725239109454
389.77356731399897
390.47819682031553
391.1807239662626
391.8814237412506
392.58043241752915
393.2777481866604
393.9733692135365
394.6669126728268
395.35858552053435
396.0485575550656
396.736826830981
397.4233913756166
398.1079144941749
398.7905112726836
399.4713968526261
400.15056914877744
400.8280260481014
401.5034902672809
402.17695865284134
402.84870477014346
403.51872639127237
404.1870212598848
404.8533860834929
405.5176705080996
406.1802208966149
406.8410348754088
407.5001100417735
408.1573330034547
408.81237459066296
409.46566966150067
410.11721569347407
410.76701013432853
411.4150467653111
412.0607832642674
412.70476003934937
413.34697441592493
413.98742368888594
414.62610512249506
415.26259320376664
415.89718524757126
416.53000078734544
417.161036961694
417.7902908778347
418.41748508783314
419.04262243731654
419.6659684154984
420.2875200011359
420.90727414080845
421.52512328475774
422.140732377449
422.75453445347375
423.3665263280539
423.97670478340945
424.58506656857594
425.19115913164904
425.79533927497454
426.3976926092199
426.9982157483977
427.59690527246977
428.1935297287176
428.78800614282244
429.38063832404737
429.9714227142243
430.56035572023484
431.1474337138081
431.73214087081004
432.3149654246819
432.8959237533667
433.47501208653597
434.05222661776753
434.62733147907034
435.2002579896502
435.77129898426824
436.3404505111347
436.9077085813927
437.47306916889704
438.0360818713022
438.5971102171269
439.1562287430379
439.7134332733434
440.2687195940496
440.82198433732594
441.3729005938256
441.92188577886094
442.4689355253905
443.0140454270276
443.55721103779996
444.09819422235694
444.63694149576804
445.17373096389406
445.7085580233028
446.2414180298954
446.77230629865585
447.3008962794132
447.8273156363831
448.35174907182443
448.87419173872917
449.394638748056
449.9130851684699
450.4291656337347
450.94309021598264
451.45499933931285
451.9648879057554
452.47275077389753
452.97858275861387
453.48203267087257
453.98328748807234
454.48249584823105
454.9796523948456
455.4747517265206
455.9677883966904
456.45848193617394
456.9468836552616
457.43320641809277
457.9174446018941
458.3995925375149
458.8796445091407
459.35745102043023
459.8328077519054
460.3060514858031
460.7771763251987
461.24617632527287
461.7130454930191
462.1777777869484
462.6399405168591
463.09990297618845
463.55771063389585
464.0133572614669
464.4668365806491
464.91814226315284
465.3671132601682
465.8135831672174
466.2578607318626
466.69993943378114
467.1398127013432
467.57747391130573
468.012916388507
468.4458635543073
468.87638882156875
469.3046757094836
469.73071734486496
470.1545068013255
470.5760370989678
470.99530120407366
471.41200497289174
471.8262666049448
472.2382414318497
472.64792221588147
473.0553016642094
473.460372428585
473.86312710502983
474.26335916677453
474.66102219695915
475.0563475357865
475.4493275693438
475.8399546267096
476.2282209796407
476.61411884226015
476.9976403707437
477.37835514575534
477.75667709161934
478.1325999271028
478.50611559167646
478.8772159656054
479.245892869638
479.6121380646968
479.97585623882384
480.33680398328744
480.695296200383
481.051324428694
481.40488014574936
481.7559547677186
482.10453964910766
482.4506260824567
482.7941903747296
483.13486117037775
483.4730084695972
483.80862333630853
484.1416967712887
484.47221971187616
484.8001830316779
485.125577540277
485.44839398294306
485.7684801283573
486.08574005093277
486.40039543119894
486.7124367791227
487.0218545392616
487.32863909048626
487.63278074570417
487.9342697515866
488.2330962882968
488.529209444034
488.82233117266964
489.11276249548405
489.4004933513577
489.68551361168
489.9678130800948
490.24738149225
490.5242085155491
490.79828374890724
491.0695967225093
491.33812297441216
491.6035563907675
491.86619794578905
492.12603692270886
492.3830625352102
492.6372639272085
492.88863017263844
493.1371502752431
493.38281316836947
493.6256077147675
493.8655227063945
494.10254686422365
494.3364273002786
494.5673473673751
494.7953449478998
495.0204085108519
495.2425264536903
495.4616871021731
495.6778787102038
495.8910894596835
496.1013074603677
496.30852074973205
496.51271729284167
496.71388498222836
496.91201163777544
497.10687478174606
497.2986372048586
497.4873246906812
497.67292480478034
497.85542503989404
498.03481281585715
498.2110754795343
498.38420030476124
498.5541744922935
498.7209851697643
498.88461939165006
499.0450641392455
499.20230632064613
499.356332770742
499.50713025121837
499.65468545056734
499.7988893471115
499.93973441448674
500.0773005222889
500.2115741076544
500.3425415349693
500.47018909593623
500.59450300965193
500.71546942269663
500.8330744092332
500.9473039711184
501.05814403802503
501.1655804675765
501.2695990454919
501.3701854857446
501.4673254307325
501.5610044514602
501.6512080477351
501.7379216483752
501.82113061143116
501.9008202244203
501.97697570457575
502.0495821991085
502.1186247854832
502.184088471709
502.24595819664444
502.3042188303167
502.35885517425646
502.40985196184715
502.45719385869035
502.50085686752186
502.5407876434901
502.57702206301025
502.6095445697049
502.6383395415296
502.66339129122747
502.68468406679835
502.70220205198564
502.7159293667811
502.72585006794657
502.7319481495534
502.73420754354026
502.7326121202886
502.72714568921697
502.717791999394
502.70453474017
502.68735754182853
502.6662439762556
502.64117755763095
502.61214174313693
502.57911993368884
502.5420954746853
502.5010516567786
502.45591678876275
502.40671391031424
502.35343524895444
502.2960638406463
502.2345826709739
502.1689746760543
502.0992227434716
502.02530971323415
501.9472183787542
501.8649314878504
501.7784317437741
501.6877018062585
501.5927242925917
501.49348177871354
501.3899568003371
501.2821318540931
501.1699893987005
501.053511856161
500.93268161297783
500.80748102140063
500.6778924006953
500.5438980384392
500.4054801918423
500.2626210890935
500.11530293073395
499.963507891056
499.8072181195281
499.6462993235854
499.4807243436378
499.3105938482968
499.1358898687478
498.9565944194998
498.77268949998967
498.5841570962151
498.39097918239474
498.1931377226563
497.99061467275277
497.78339198180606
497.57145159408014
497.3547754507813
497.133345491887
496.90709217414656
496.67575911642655
496.4396105122883
496.1986282919698
495.9527943949431
495.702090771935
495.4464993869768
495.1860022194827
494.92058126635726
494.65021854413294
494.37489609113516
494.0945251944728
493.8088061663732
493.51806584711557
493.2222863714927
492.9214499084722
492.61553866355626
492.3045348811705
491.9884208470818
491.667178890844
491.3407913882732
491.00876924370823
490.67153752356165
490.3290997228568
489.9814384269252
489.62853628149105
489.27037599533475
488.9069403429845
488.5382121674349
488.16368370249444
487.7837561840391
487.39847711665357
487.00782965539884
486.6117970393002
486.2103625942455
485.8035097359078
485.3908441913863
484.9724867772253
484.5486538171137
484.11932913718493
483.6844966699885
483.24414045757766
482.79824465461786
482.3461529130242
481.8884572579099
481.4251673618756
480.9562678953625
480.4817436590785
480.0015795872522
479.5151985376745
479.0229895202987
478.5250886533959
478.02148148326785
477.5121537081638
476.99708812077495
476.4755173462427
475.9481765429323
475.41505210586325
474.87613060098323
474.33139876862566
473.7804076487062
473.2232110558841
472.6601582778289
472.09123685474106
471.5164345206851
470.9354366279781
470.34799425181393
469.75462850961696
469.15532802457597
468.55008163350277
467.93851722666614
467.3204681923149
466.69643458484927
466.0664062205729
465.43037314929927
464.7877169312183
464.1387328024292
463.48370947703813
462.82263807509804
462.15540886771635
461.4812758891866
460.80106402129104
460.1147655284921
459.4223729447602
458.7231982754316
458.01762519031007
457.30593208713583
456.58811273363284
455.86372222660003
455.13263764787575
454.3954051430978
453.6520197855902
452.9021644238147
452.1454419461305
451.3825494430192
450.61348336336016
449.83794246004965
449.05548099163155
448.2668335215385
447.4719979417147
446.6705812010026
445.8623063645059
445.0478359761328
444.2271694353764
443.39971895758185
442.56558443722867
441.7252515295166
440.8787212023626
440.0251134151944
439.1651022379262
438.29889682425517
437.42633478829674
436.546647263843
435.6607730020682
434.7687158933409
433.8698559952875
432.9643334724854
432.05264135599487
431.13474287966267
430.2096074073097
429.27832015120663
428.3408880759676
427.39667066221375
426.44584329356485
425.4888949455722
424.52564691866803
423.55534992348373
422.57896053468585
421.59648890909943
420.60702829591906
419.61128888494613
418.6095020568019
417.6011166418149
416.586134225147
415.5651440864388
414.5379038940514
413.50380165472666
412.46373630045656
411.41772270358456
410.3646476820618
409.3056515211197
408.2407581072582
407.16908061076134
406.09131443002747
405.0077069295693
403.9175607679004
402.82120174804425
401.71906227618183
400.6106005689719
399.4958422506706
398.37536925902714
397.2487644152232
396.11581661479744
394.9772247922589
393.83266842001683
392.6817570937661
391.5252772158762
390.36297996186545
389.19434701868795
388.0202257452814
386.84041706286075
385.6543201250545
384.46281974611077
383.2657475923137
382.0624597047727
380.85385783480257
379.63978829655275
378.4195975849043
377.19418680649517
375.9634036569696
374.7266129355169
373.48470039300446
372.23750457954793
370.9844309102136
369.72633785475887
368.4630469202481
367.19402112403185
365.92008241170856
364.64102985173537
363.3563959745156
362.0669595193193
360.77249407803345
359.4726088128341
358.16803499682385
356.85851990470826
355.5437519728516
354.2244130159128
352.9002251731901
351.5709546670128
350.2372339589981
348.89876306874794
347.55538075881395
346.207672157055
344.8553198124767
343.49822642243913
342.1369335178454
340.7711122484142
339.40071770088156
338.0262530560301
336.64738533756525
335.2641079744992
333.8768923372838
332.4854095711798
331.0896753524896
329.6901368490345
328.2864783160795
326.8787200001967
325.4672933108396
324.0519051051862
322.63256141547805
321.2096869377015
319.7830208866312
318.35253566756467
316.9186586697943
315.48117124495525
314.03999261193525
312.5955623821314
311.1477136079077
309.69629309470554
308.2417620876492
306.7840144522627
305.32280615989595
303.85862914701994
302.3914465218465
300.9209062727033
299.44753949823115
297.97138607066165
296.49197057155504
295.00987091860134
293.52512975098045
292.0373761612837
290.5470003314283
289.05412524559614
287.5584974592299
286.0603011689199
284.5597475121524
283.05670360546395
281.5511408024079
280.04336192437273
278.5333559476329
277.0208780501527
275.5063245491914
273.98973741861874
272.47086077226754
270.9499797681264
269.42720424858885
267.90242356147354
266.3756579969285
264.84713573267356
263.31688553753725
261.78467351109555
260.25084110780386
258.7154290287846
257.17832238395874
255.63961078412999
254.09945364898482
252.55788054311185
251.01471443658545
249.47023503382732
247.92448181323556
246.37739922097188
244.82901337242498
243.27948326926855
241.7288475967058
240.177004174417
238.62410328432694
237.07022346552162
235.5153967836942
233.9595231290514
232.4027947571821
230.8452487745208
229.28689613954293
227.7277061973103
226.16781955420856
224.607272348355
223.04607303214425
221.48422104377534
219.92182592009308
218.35892278040166
216.7955286062566
215.23164866811368
213.66737450173414
212.10274016375263
210.53777456500183
208.97247980194035
207.40693488166178
205.84117276082858
204.2752261487953
202.70911191055853
201.1428827139812
199.5765742729225
198.0102181595647
196.44384678567874
194.8774974479129
193.3112016937515
191.74498993488035
190.1788923234191
188.61296061973925
187.0472137269509
185.4816772662784
183.91638020856215
182.3513546902265
180.78666974379513
179.22231638227873
177.6583223847796
176.09471526482938
174.53152925435515
172.96884353262735
171.40663181843308
169.8449204276451
168.28373540966084
166.72310254735748
165.16312157096252
163.60375654462544
162.04502482424775
160.48695099721766
158.929559385329
157.37291424294335
155.81705803693663
154.2619601858342
152.70764382535907
151.15413182797715
149.60144680340554
148.04967699810814
146.4988248104737
144.94886988151404
143.39983365345478
141.85173730960125
140.30460177509815
138.75849442649675
137.21346330271038
135.66945754633642
134.12649694103686
132.58460101744703
131.04378905415604
129.504080078714
127.9655803216715
126.42826218249826
124.89210516390786
123.3571271896234
121.82334593874235
120.29077884692833
118.7594431076307
117.22940312085163
115.7007122619794
114.17330471783293
112.64719662270203
111.12240387611251
109.5989421441928
108.07682686105831
106.55607323021741
105.0367232313698
103.51886857753053
102.00242087968475
100.48739433926836
98.9738029354697
97.46166042674592
95.95098035235263
94.44177603388667
92.93406057684537
91.42784687219655
89.9232571348218
88.42021046370877
86.91870315796731
85.41874718372917
83.92035430172155
82.42353606890501
80.92830384012191
79.43466876975181
77.94264181337387
76.4522337294396
74.96345508094836
73.47639361346378
71.99101727360555
70.50730031180971
69.0252524560836
67.5448832485455
66.06620204712914
64.58921802729532
63.11394018374303
61.64037733212307
60.16853811075533
58.698430982346814
57.230064235709335
55.76344598748028
54.298584183842706
52.83548660224349
51.37423916176634
49.914779258729595
48.45710443965731
47.00122177058394
45.547138158425994
44.09486035268835
42.644394947169005
41.19574838165913
39.748926943642246
38.30393676998787
36.860783848641205
35.41947402031045
33.980012980148146
32.542406279427546
31.106659327215976
29.672777392039396
28.240765603545782
26.810628954159654
25.38237230073074
23.956000366178507
22.531517741128386
21.108928885541115
19.688238130336888
18.269449679010904
16.8525676092421
15.437595874494365
14.024538305610752
12.613398612397305
11.204180385203172
9.796887096487438
8.391522102382218
6.988088644244343
5.586589850197359
4.187028736669506
2.7894082099173465
1.3937310675423646
6.156720431650952e-14
-1.3917824079037717
-2.7816136755239045
-4.169491424896884
-5.555413379271625
-6.93937736165127
-8.32138129334303
-9.70142319251936
-11.079501172789197
-12.455613441779011
-13.82975829972505
-15.201934138074707
-16.57213943809899
-17.940372769517403
-19.306632789129264
-20.67091823946021
-22.03322794741707
-23.393560822952825
-24.75191585774569
-26.10829212388532
-27.46268877257227
-28.815105032828715
-30.165540210218165
-31.513993685578203
-32.860464913764154
-34.20495342240218
-35.54745881065585
-36.887980748002995
-38.22651897302246
-39.563073292193764
-40.8976435787083
-42.23022977128957
-43.56083187302728
-44.889449950220346
-46.216084131232336
-47.54073460535974
-48.863401621707034
-50.18408548807802
-51.50278656987494
-52.819493241510365
-54.13411806054757
-55.44675838707845
-56.75741480820387
-58.06608796370665
-59.372778545010945
-60.67748729415144
-61.98021500275627
-63.28096251103727
-64.57973070679424
-65.87652052443003
-67.17133294397463
-68.46416899012176
-69.75502973127682
-71.04391627861354
-72.33082978514398
-73.61577144479791
-74.89869273615886
-76.17953446699313
-77.4584050630274
-78.73530588119351
-80.01023831518552
-81.28320379459346
-82.55420378405007
-83.82323978238888
-85.09031332180987
-86.35542596705747
-87.61857931460906
-88.87977499187163
-90.13901465639046
-91.39627545428455
-92.65141282568925
-93.90459630211149
-95.15582766575218
-96.40510872533947
-97.65244131539032
-98.89782729548017
-100.14126854952433
-101.38276698506839
-102.62232453258686
-103.85994314479333
-105.0956247959595
-106.32919353832246
-107.56078017574559
-108.79043297645285
-110.01815400847704
-111.2439453582684
-112.46780913006106
-113.68974744525029
-114.90976244177907
-116.1278562735316
-117.34403110973783
-118.5581302330788
-119.7702213826482
-120.98039731232065
-122.1886602624897
-123.3950124861134
-124.59945624816413
-125.80199382508712
-127.002627504265
-128.20135958349314
-129.39810829339729
-130.59277012794527
-131.7855345964914
-132.976404049857
-134.16538084679658
-135.3524673535149
-136.53766594319026
-137.72097899550744
-138.9024088961975
-140.08178040469414
-141.25915613709054
-142.43465330118494
-143.60827431946493
-144.78002161826558
-145.94989762734747
-147.11790477948335
-148.28404551005144
-149.44819959952343
-150.6103019393165
-151.77054267025753
-152.92892425151942
-154.08544914291048
-155.24011980450442
-156.39293869627568
-157.54390827774355
-158.69284079819278
-159.83978904256946
-160.9848929485967
-162.12815498788288
-163.2695776298235
-164.40916334127778
-165.54691458625044
-166.68280133385528
-167.81654664708003
-168.9484625551369
-170.0785515248574
-171.2068160186335
-172.33325849413015
-173.4578814040062
-174.580687195638
-175.7013599159409
-176.82017837173322
-177.93718481510362
-179.05238168665667
-180.1657714203122
-181.27735644305795
-182.38713917470844
-183.49477956642542
-184.60059128089006
-185.70460580815916
-186.80682555370356
-187.9072529145627
-189.00589027913117
-190.10267792971857
-191.19735805504163
-192.29025326030907
-193.3813659136288
-194.47069837331986
-195.55825298772243
-196.64403209501046
-197.727807036959
-198.80964539669247
-199.88971325715323
-200.96801292990278
-202.04454671531948
-203.11931690243358
-204.1922576782148
-205.26310083631583
-206.33218532388705
-207.39951339838245
-208.4650873049873
-209.52890927647613
-210.5909815330735
-211.65093388895116
-212.7090952814079
-213.7655117615697
-214.8201855128281
-215.87311870521023
-216.92431349525677
-217.97345308536725
-219.02075027425158
-220.06631373852133
-221.11014559375562
-222.15224794131555
-223.19262286823957
-224.23095980566785
-225.26745006973113
-226.3022174475972
-227.33526398155126
-228.3665916988995
-229.39620261187946
-230.42374699912426
-231.44948579400656
-232.4735121585337
-233.49582805671034
-234.51643543688385
-235.53533623167112
-236.55209798908726
-237.5671387520268
-238.5804771271915
-239.59211499576963
-240.60205422269178
-241.610196790623
-242.61628535675024
-243.62067932515706
-244.6233805068285
-245.62439069601237
-246.6237116701676
-247.62108848087703
-248.61656989773772
-249.6103659405055
-250.60247832995427
-251.59290876964067
-252.58165894586304
-253.5682785465317
-254.55319964570162
-255.53644410616877
-256.5180135550243
-257.4979096017179
-258.47592906762
-259.4520039936463
-260.4264089573024
-261.3991455068186
-262.3702151724367
-263.33961946638334
-264.30689503812914
-265.27248743073574
-266.2364176531709
-267.1986871542596
-268.1592973645001
-269.1179821909035
-270.074787367224
-271.02993625168983
-271.98343020963665
-272.93527058778926
-273.8853679111228
-274.833409593306
-275.77980048476434
-276.72454186539557
-277.66763499622573
-278.60908111939705
-279.54844762637566
-280.48610216729236
-281.4221122230698
-282.3564789672158
-283.28920355411685
-284.2199873913578
-285.14892546576806
-286.0762236803393
-287.0018831193358
-287.9259048476806
-288.8481069479526
-289.7683466276992
-290.6869506625685
-291.60392004593723
-292.51925575163426
-293.4328762274567
-294.3444337203746
-295.2543593634651
-296.1626540576435
-297.06931868408117
-297.9743541042048
-298.87724637801983
-299.77850749390984
-300.6781409328042
-301.5761474817085
-302.47252790769744
-303.3668355564284
-304.2594440380474
-305.15042767499745
-306.03978715865475
-306.9275231602831
-307.81324329417396
-308.6972090157565
-309.57955227671175
-310.46027367135537
-311.33937377371376
-312.21650247955
-313.0918332506502
-313.96554348836116
-314.8376336885304
-315.70810432654025
-316.57663662241225
-317.44333814278986
-318.30842059182737
-319.17188436551044
-320.03372983918223
-320.8936596301271
-321.75173544532237
-322.60819317774497
-323.4630331221294
-324.3162555523855
-325.16757558686436
-326.0170270442871
-326.86486092578207
-327.7110774234378
-328.5556767083307
-329.39837853549625
-330.2392047408597
-331.0784133871912
-331.91600456252445
-332.75197833368674
-333.5860522613991
-334.41825003533813
-335.24882976894185
-336.0777914447577
-336.90513502392395
-337.7305700774772
-338.5541339121946
-339.37607871876475
-340.19640437278844
-341.01511072824235
-341.8318946097595
-342.64681662555176
-343.4601181104751
-344.2717988316846
-345.0818585344828
-345.8899775829485
-346.6962474844679
-347.50089482895993
-348.3039192735901
-349.10532045342836
-349.90475960532007
-350.7023646374372
-351.49834455424974
-352.2926989013357
-353.08542720191923
-353.87616995241046
-354.6650948555474
-355.4523915441132
-356.2380594504439
-357.02209798424326
-357.80412634894157
-358.58435331374983
-359.3629484146482
-360.139910969008
-360.91524027127303
-361.68853474847504
-362.46004336973965
-363.22991591835864
-363.9981515949446
-364.76474957686656
-365.52928911029323
-366.292056339954
-367.0531827192426
-367.81266733014314
-368.57050923105623
-369.3262711730517
-370.08027127223005
-370.83262516443625
-371.5833318110698
-372.3323901495859
-373.0793502247587
-373.824554714693
-374.56810705198177
-375.3100060753982
-376.0502505993826
-376.78838286866596
-377.5247604804596
-378.2594793943258
-378.9925383242745
-379.7239359595709
-380.4532127846884
-381.18072940778
-381.90658017716316
-382.63076367984866
-383.35327847766456
-384.0736704859853
-384.79228911526303
-385.5092341132833
-386.22450393772147
-386.9380970206032
-387.6495730703737
-388.35925375185127
-389.06725239109454
-389.7735673139989
-390.47819682031536
-391.1807239662626
-391.8814237412505
-392.58043241752904
-393.27774818666035
-393.97336921353644
-394.6669126728266
-395.35858552053435
-396.0485575550655
-396.7368268309808
-397.42339137561663
-398.1079144941748
-398.7905112726835
-399.4713968526262
-400.1505691487773
-400.82802604810115
-401.50349026728077
-402.1769586528412
-402.84870477014334
-403.51872639127237
-404.18702125988466
-404.85338608349275
-405.5176705080994
-406.18022089661486
-406.84103487540875
-407.50011004177327
-408.15733300345465
-408.8123745906629
-409.4656696615006
-410.11721569347407
-410.7670101343284
-411.41504676531093
-412.06078326426734
-412.70476003934925
-413.34697441592476
-413.987423688886
-414.626105122495
-415.26259320376647
-415.8971852475712
-416.5300007873454
-417.16103696169387
-417.79029087783476
-418.41748508783314
-419.04262243731654
-419.66596841549847
-420.2875200011359
-420.90727414080834
-421.52512328475746
-422.1407323774489
-422.75453445347364
-423.3665263280538
-423.97670478340945
-424.58506656857594
-425.1911591316489
-425.79533927497454
-426.3976926092198
-426.9982157483975
-427.5969052724697
-428.1935297287175
-428.78800614282227
-429.38063832404737
-429.97142271422433
-430.5603557202347
-431.14743371380814
-431.73214087081
-432.31496542468165
-432.8959237533667
-433.47501208653597
-434.0522266177673
-434.6273314790703
-435.20025798965014
-435.7712989842682
-436.3404505111347
-436.9077085813927
-437.47306916889704
-438.0360818713021
-438.59711021712684
-439.1562287430379
-439.7134332733433
-440.2687195940496
-440.82198433732594
-441.3729005938256
-441.92188577886094
-442.46893552539035
-443.0140454270275
-443.5572110378
-444.0981942223568
-444.63694149576804
-445.17373096389406
-445.7085580233027
-446.24141802989527
-446.7723062986559
-447.3008962794131
-447.82731563638305
-448.35174907182443
-448.87419173872917
-449.39463874805597
-449.91308516846993
-450.4291656337347
-450.9430902159826
-451.45499933931274
-451.9648879057555
-452.47275077389753
-452.9785827586137
-453.48203267087257
-453.9832874880723
-454.48249584823094
-454.9796523948457
-455.4747517265207
-455.96778839669037
-456.45848193617377
-456.94688365526144
-457.4332064180927
-457.9174446018942
-458.3995925375148
-458.8796445091406
-459.35745102043023
-459.8328077519053
-460.3060514858029
-460.7771763251986
-461.24617632527287
-461.7130454930189
-462.17777778694847
-462.6399405168591
-463.0999029761883
-463.557710633896
-464.0133572614669
-464.466836580649
-464.9181422631527
-465.3671132601682
-465.8135831672173
-466.2578607318625
-466.69993943378125
-467.1398127013432
-467.5774739113056
-468.0129163885068
-468.4458635543073
-468.8763888215687
-469.30467570948355
-469.73071734486496
-470.15450680132545
-470.5760370989679
-470.99530120407366
-471.4120049728917
-471.8262666049448
-472.2382414318497
-472.64792221588147
-473.0553016642094
-473.460372428585
-473.8631271050298
-474.26335916677453
-474.66102219695904
-475.0563475357863
-475.4493275693437
-475.8399546267096
-476.2282209796407
-476.61411884226
-476.9976403707437
-477.37835514575517
-477.7566770916193
-478.1325999271028
-478.50611559167646
-478.87721596560533
-479.24589286963806
-479.61213806469675
-479.9758562388238
-480.33680398328744
-480.69529620038287
-481.05132442869393
-481.40488014574936
-481.7559547677186
-482.10453964910766
-482.4506260824567
-482.7941903747297
-483.1348611703778
-483.4730084695973
-483.80862333630853
-484.1416967712886
-484.47221971187616
-484.8001830316779
-485.125577540277
-485.448393982943
-485.7684801283573
-486.08574005093277
-486.40039543119883
-486.7124367791226
-487.0218545392614
-487.3286390904862
-487.63278074570434
-487.9342697515866
-488.2330962882968
-488.52920944403394
-488.82233117266964
-489.11276249548405
-489.4004933513577
-489.68551361168
-489.9678130800947
-490.24738149225
-490.5242085155491
-490.7982837489072
-491.0695967225093
-491.33812297441216
-491.6035563907675
-491.86619794578905
-492.126036922709
-492.3830625352102
-492.6372639272085
-492.88863017263844
-493.1371502752431
-493.38281316836935
-493.6256077147675
-493.8655227063945
-494.10254686422354
-494.33642730027856
-494.5673473673751
-494.79534494789965
-495.0204085108519
-495.2425264536902
-495.4616871021729
-495.6778787102038
-495.89108945968337
-496.1013074603677
-496.30852074973205
-496.51271729284156
-496.71388498222825
-496.91201163777555
-497.10687478174606
-497.29863720485844
-497.4873246906812
-497.67292480478034
-497.85542503989404
-498.0348128158571
-498.2110754795342
-498.3842003047611
-498.5541744922935
-498.7209851697642
-498.88461939165006
-499.04506413924537
-499.20230632064613
-499.35633277074203
-499.5071302512183
-499.65468545056734
-499.7988893471115
-499.93973441448674
-500.0773005222889
-500.21157410765437
-500.3425415349693
-500.47018909593623
-500.59450300965193
-500.71546942269663
-500.8330744092333
-500.9473039711184
-501.05814403802503
-501.1655804675765
-501.2695990454919
-501.3701854857446
-501.4673254307324
-501.5610044514602
-501.6512080477351
-501.7379216483752
-501.82113061143116
-501.9008202244203
-501.97697570457575
-502.0495821991085
-502.1186247854832
-502.184088471709
-502.24595819664444
-502.3042188303167
-502.35885517425646
-502.40985196184715
-502.4571938586904
-502.50085686752186
-502.5407876434901
-502.57702206301025
-502.6095445697049
-502.6383395415296
-502.66339129122747
-502.68468406679835
-502.70220205198564
-502.7159293667811
-502.72585006794657
-502.7319481495534
-502.73420754354026
-502.7326121202886
-502.72714568921697
-502.717791999394
-502.70453474017
-502.68735754182853
-502.6662439762556
-502.64117755763095
-502.61214174313693
-502.57911993368896
-502.5420954746853
-502.5010516567786
-502.45591678876275
-502.40671391031424
-502.35343524895444
-502.2960638406463
-502.2345826709739
-502.1689746760543
-502.0992227434716
-502.02530971323415
-501.9472183787542
-501.8649314878504
-501.7784317437741
-501.6877018062585
-501.5927242925917
-501.49348177871354
-501.3899568003371
-501.28213185409294
-501.1699893987005
-501.0535118561611
-500.9326816129779
-500.8074810214005
-500.6778924006952
-500.54389803843924
-500.40548019184234
-500.2626210890935
-500.11530293073395
-499.963507891056
-499.80721811952816
-499.6462993235854
-499.4807243436378
-499.3105938482968
-499.13588986874794
-498.9565944194999
-498.77268949998967
-498.5841570962151
-498.39097918239474
-498.1931377226563
-497.99061467275277
-497.783391981806
-497.57145159408026
-497.3547754507814
-497.13334549188704
-496.9070921741466
-496.67575911642666
-496.4396105122883
-496.1986282919698
-495.9527943949431
-495.7020907719351
-495.44649938697694
-495.1860022194827
-494.92058126635726
-494.65021854413294
-494.3748960911352
-494.0945251944728
-493.80880616637324
-493.51806584711574
-493.2222863714928
-492.9214499084722
-492.61553866355626
-492.30453488117064
-491.9884208470818
-491.66717889084396
-491.3407913882732
-491.00876924370823
-490.67153752356165
-490.3290997228568
-489.98143842692525
-489.6285362814911
-489.27037599533486
-488.9069403429845
-488.538212167435
-488.16368370249444
-487.783756184039
-487.3984771166537
-487.00782965539895
-486.61179703930026
-486.2103625942455
-485.80350973590794
-485.3908441913863
-484.9724867772253
-484.54865381711375
-484.11932913718493
-483.6844966699885
-483.2441404575775
-482.79824465461786
-482.3461529130242
-481.8884572579098
-481.4251673618757
-480.9562678953624
-480.4817436590785
-480.00157958725237
-479.5151985376745
-479.02298952029855
-478.52508865339604
-478.021481483268
-477.5121537081638
-476.99708812077506
-476.4755173462427
-475.9481765429323
-475.41505210586337
-474.8761306009833
-474.33139876862555
-473.7804076487063
-473.22321105588424
-472.6601582778288
-472.09123685474106
-471.51643452068515
-470.9354366279781
-470.3479942518141
-469.754628509617
-469.15532802457614
-468.55008163350277
-467.9385172266662
-467.3204681923149
-466.6964345848493
-466.0664062205731
-465.4303731492993
-464.7877169312183
-464.13873280242944
-463.48370947703825
-462.8226380750981
-462.15540886771646
-461.4812758891866
-460.80106402129104
-460.1147655284922
-459.42237294476007
-458.7231982754318
-458.0176251903103
-457.305932087136
-456.58811273363307
-455.86372222660026
-455.1326376478759
-454.3954051430978
-453.65201978559054
-452.90216442381507
-452.1454419461307
-451.38254944301923
-450.6134833633604
-449.83794246004965
-449.05548099163144
-448.2668335215386
-447.4719979417148
-446.6705812010025
-445.862306364506
-445.0478359761329
-444.2271694353763
-443.3997189575821
-442.5655844372288
-441.72525152951664
-440.8787212023628
-440.02511341519426
-439.1651022379262
-438.2988968242555
-437.426334788297
-436.5466472638431
-435.66077300206837
-434.76871589334127
-433.86985599528754
-432.9643334724857
-432.0526413559951
-431.13474287966267
-430.20960740731005
-429.2783201512069
-428.3408880759676
-427.39667066221375
-426.44584329356485
-425.4888949455722
-424.52564691866814
-423.55534992348385
-422.57896053468585
-421.59648890909943
-420.60702829591924
-419.61128888494625
-418.60950205680217
-417.6011166418153
-416.58613422514713
-415.5651440864388
-414.53790389405157
-413.5038016547266
-412.4637363004565
-411.41772270358473
-410.3646476820621
-409.3056515211197
-408.24075810725844
-407.16908061076145
-406.0913144300275
-405.0077069295697
-403.91756076790045
-402.82120174804425
-401.7190622761818
-400.6106005689722
-399.49584225067065
-398.3753692590273
-397.2487644152235
-396.11581661479744
-394.9772247922589
-393.832668420017
-392.6817570937662
-391.5252772158764
-390.3629799618656
-389.1943470186881
-388.0202257452814
-386.84041706286075
-385.65432012505437
-384.4628197461108
-383.2657475923139
-382.0624597047729
-380.8538578348026
-379.6397882965531
-378.4195975849046
-377.1941868064951
-375.9634036569699
-374.72661293551715
-373.48470039300435
-372.2375045795482
-370.98443091021375
-369.7263378547589
-368.4630469202481
-367.19402112403225
-365.92008241170873
-364.64102985173565
-363.35639597451575
-362.06695951931937
-360.7724940780337
-359.4726088128344
-358.168034996824
-356.85851990470843
-355.54375197285185
-354.22441301591266
-352.90022517319005
-351.57095466701304
-350.237233958998
-348.89876306874777
-347.5553807588141
-346.2076721570553
-344.8553198124767
-343.4982264224394
-342.1369335178459
-340.7711122484142
-339.4007177008818
-338.0262530560305
-336.6473853375653
-335.26410797449944
-333.87689233728435
-332.4854095711799
-331.0896753524895
-329.6901368490348
-328.2864783160795
-326.8787200001969
-325.4672933108401
-324.0519051051864
-322.6325614154782
-321.20968693770163
-319.7830208866315
-318.3525356675648
-316.91865866979475
-315.481171244955
-314.03999261193536
-312.5955623821319
-311.14771360790814
-309.69629309470554
-308.24176208764953
-306.7840144522632
-305.3228061598961
-303.85862914702034
-302.3914465218467
-300.9209062727036
-299.44753949823166
-297.9713860706618
-296.4919705715552
-295.00987091860145
-293.52512975098097
-292.0373761612837
-290.5470003314284
-289.0541252455966
-287.5584974592302
-286.06030116891986
-284.55974751215285
-283.05670360546395
-281.55114080240793
-280.043361924373
-278.53335594763297
-277.02087805015276
-275.5063245491915
-273.98973741861863
-272.4708607722678
-270.949979768127
-269.4272042485892
-267.9024235614737
-266.3756579969286
-264.84713573267396
-263.3168855375371
-261.7846735110957
-260.25084110780415
-258.71542902878446
-257.17832238395926
-255.63961078413033
-254.09945364898502
-252.55788054311193
-251.014714436586
-249.4702350338275
-247.92448181323562
-246.3773992209722
-244.82901337242507
-243.27948326926867
-241.72884759670595
-240.17700417441714
-238.62410328432702
-237.07022346552193
-235.51539678369392
-233.95952312905146
-232.40279475718248
-230.84524877452088
-229.2868961395432
-227.72770619731062
-226.167819554209
-224.6072723483553
-223.04607303214476
-221.48422104377582
-219.9218259200931
-218.358922780402
-216.79552860625688
-215.23164866811356
-213.66737450173417
-212.10274016375288
-210.53777456500197
-208.97247980194038
-207.40693488166204
-205.84117276082864
-204.27522614879535
-202.70911191055905
-201.14288271398135
-199.57657427292236
-198.01021815956472
-196.44384678567874
-194.87749744791296
-193.31120169375197
-191.74498993488038
-190.17889232341912
-188.61296061973974
-187.04721372695118
-185.48167726627833
-183.91638020856237
-182.35135469022705
-180.78666974379524
-179.22231638227913
-177.6583223847799
-176.09471526482918
-174.53152925435577
-172.96884353262737
-171.40663181843308
-169.8449204276452
-168.2837354096613
-166.7231025473573
-165.16312157096283
-163.60375654462592
-162.04502482424786
-160.48695099721772
-158.9295593853295
-157.37291424294338
-155.81705803693674
-154.2619601858345
-152.70764382535862
-151.15413182797732
-149.60144680340585
-148.04967699810868
-146.49882481047365
-144.9488698815141
-143.39983365345495
-141.85173730960133
-140.30460177509826
-138.75849442649675
-137.21346330271015
-135.6694575463366
-134.12649694103723
-132.58460101744723
-131.0437890541559
-129.50408007871425
-127.96558032167134
-126.42826218249853
-124.89210516390838
-123.35712718962357
-121.82334593874224
-120.29077884692839
-118.7594431076305
-117.22940312085167
-115.70071226197972
-114.173304717833
-112.64719662270205
-111.12240387611268
-109.59894214419252
-108.07682686105838
-106.55607323021792
-105.03672323136985
-103.51886857753061
-102.0024208796851
-100.4873943392687
-98.97380293546964
-97.4616604267462
-95.95098035235306
-94.44177603388658
-92.9340605768454
-91.42784687219681
-89.92325713482167
-88.42021046370904
-86.91870315796777
-85.4187471837293
-83.92035430172183
-82.42353606890526
-80.92830384012188
-79.43466876975184
-77.94264181337437
-76.45223372943946
-74.96345508094839
-73.4763936134643
-71.99101727360517
-70.50730031180977
-69.02525245608393
-67.5448832485458
-66.06620204712907
-64.58921802729547
-63.11394018374345
-61.640377332123066
-60.16853811075571
-58.69843098234715
-57.23006423570938
-55.76344598748058
-54.29858418384299
-52.83548660224378
-51.374239161766184
-49.914779258729894
-48.4571044396574
-47.00122177058414
-45.54713815842605
-44.09486035268816
-42.64439494716899
-41.19574838165947
-39.74892694364217
-38.303936769987814
-36.86078384864126
-35.4194740203104
-33.98001298014821
-32.54240627942784
-31.10665932721565
-29.672777392039386
-28.240765603545906
-26.81062895415971
-25.382372300730744
-23.956000366178973
-22.5315177411289
-21.108928885541022
-19.688238130336945
-18.26944967901116
-16.852567609242158
-15.437595874494649
-14.024538305610825
-12.613398612397566
-11.204180385203241
-9.796887096487723
-8.391522102382279
-6.988088644244405
-5.586589850197867
-4.187028736669569
-2.7894082099174087
-1.39373106754265
-1.2313440863301904e-13
