0.0
0.22397271232938856
0.4479445369291514
0.6719145860731816
0.8958819720424089
1.1198458071283193
1.3438052036364725
1.567759273890021
1.7917071302332275
2.0156478850349853
2.2395806506923344
2.4635045396339805
2.687418664323811
2.911322137264417
3.135214071000608
3.3590935781229283
3.5829597712711765
3.806811763137923
4.0306486664720245
4.254469594082144
4.478273658840262
4.702059973685199
4.925827651626129
5.149575805746088
5.373303549205504
5.597009995245702
5.8206942571924145
6.044355448459311
6.267992682551497
6.491605073069033
6.715191733710456
6.938751778276275
7.162284320672504
7.385788474914154
7.609263355128759
7.832708075559878
8.056121750570618
8.279503494647136
8.502852422402137
8.726167648578409
8.94944828805231
9.172693455837289
9.39590226708739
9.619073837100753
9.842207281323132
10.065301715351389
10.288356254937014
10.511370015989609
10.734342114580414
10.957271666945797
11.18015778949076
11.402999598792443
11.625796211603628
11.848546744856225
12.071250315664797
12.293906041330036
12.516513039342273
12.739070427384974
12.961577323338245
13.184032845282307
13.406436111501014
13.628786240485336
13.851082350936855
14.073323561771263
14.295508992121846
14.517637761342982
14.739708989013623
14.961721794940798
15.183675299163092
15.40556862195413
15.627400883826077
15.849171205533118
16.070878708074932
16.292522512700202
16.514101740910057
16.735615514461603
16.957062955371367
17.17844318591879
17.399755328649707
17.62099850637983
17.842171842198205
18.063274459470712
18.284305481843518
18.505264033246572
18.726149237897054
18.946960220302877
19.167696105266117
19.388356017886508
19.60893908356492
19.8294444280068
20.049871177225643
20.270218457546466
20.49048539560927
20.710671118372495
20.930774753116477
21.150795427446916
21.370732269298337
21.59058440693753
21.810350968967033
22.03003108432854
22.249623882306405
22.469128492531063
22.688544044982482
22.907869669993627
23.127104498253882
23.346247660812516
23.56529828908213
23.784255514842073
24.003118470241912
24.22188628780485
24.440558100431193
24.659133041401752
24.877610244381305
25.095988843422
25.314267972966846
25.532446767853067
25.7505243633156
25.968499894990458
26.186372498918224
26.404141311547427
26.62180546973797
26.839364110764585
27.056816372320196
27.27416139251939
27.491398309901818
27.70852626343558
27.925544392520678
28.1424518369924
28.359247737124758
28.575931233633845
28.792501467681298
29.00895758087767
29.225298715285838
29.441524013424413
29.657632618271105
29.873623673266174
30.08949632231579
30.30524970979541
30.520882980553214
30.736395279913474
30.951785753679925
31.167053548139176
31.38219781006407
31.597217686717105
31.812112325853747
32.026880875725894
32.24152248508517
32.45603630318635
32.67042147979073
32.884677165169464
33.098802510106964
33.312796665904244
33.526658784382306
33.74038801788548
33.95398351928481
34.167444441981374
34.380769939909676
34.59395916754097
34.80701127988665
35.019925432501566
35.232700781487345
35.445336483495815
35.657831695732305
35.87018557595894
36.08239728249808
36.294465974235536
36.50639081062402
36.7181709516864
36.92980555801906
37.14129379079522
37.35263481176823
37.56382778327499
37.77487186823914
37.98576623017448
38.196510033188204
38.40710244198429
38.6175426218668
38.8278297387431
39.03796295912727
39.247941450143365
39.457764379528726
39.66743091563725
39.87694022744272
40.086291484542095
40.295483857158786
40.504516516145955
40.71338863298979
40.922099379812806
41.13064792937714
41.339033455087744
41.547255130995794
41.75531213180185
41.963203632859205
42.170928810177095
42.37848684042399
42.585876900930884
42.793098169694495
43.00014982538059
43.20703104732718
43.41374101554782
43.620278910734825
43.826643914262554
44.03283520819062
44.23885197526712
44.44469339893194
44.65035866331993
44.855846953264155
45.061157454299135
45.26628935266409
45.471241835306074
45.67601408988335
45.88060530476849
46.0850146690516
46.28924137254359
46.49328460577939
46.69714356002105
46.900817427261074
47.10430540022558
47.30760667237743
47.51072043791955
47.71364589179803
47.91638222970535
48.118928648083546
48.32128434412744
48.52344851578778
48.72542036177441
48.92719908155953
49.12878387538075
49.330173944244336
49.53136848992835
49.73236671498586
49.933167822748004
50.13377101732725
50.334175503620486
50.53438048731222
50.73438517487766
50.93418877358592
51.13379049150318
51.3331895374957
51.53238512123312
51.73137645319149
51.9301627446564
52.128743207726174
52.327117055314936
52.52528350115571
52.72324175980362
52.9209910466389
53.11853057787012
53.315859570537164
53.51297724251444
53.70988281251394
53.90657550008829
54.10305452563395
54.299319110394194
54.49536847646228
54.69120184678448
54.886818445163186
55.08221749625996
55.277398225598645
55.47235985956843
55.66710162542685
55.86162275130296
56.05592246620031
56.25
56.44385458346381
56.63748544823717
56.830891826852216
57.02407295273088
57.21702806018787
57.40975638443378
57.602257161578
57.79452962863186
57.98657302351164
58.178386585041494
58.36996955295659
58.56132116790602
58.752440671455915
58.94332730609236
59.13398031522439
59.32439894318715
59.51458243524465
59.7045300375929
59.894240997362914
60.08371456262364
60.27294998238491
60.46194650660055
60.65070338617114
60.839219872947226
61.027495219732096
61.21552868028481
61.403319509323225
61.590866962526796
61.77817029653965
61.96522876897354
62.15204163841066
62.33860816440671
62.524927607493815
62.71099922918337
62.89682229196909
63.08239605932979
63.26771979573244
63.45279276663502
63.63761423848942
63.822183478744336
64.00649975584828
64.19056233925231
64.37437049941306
64.55792350779558
64.74122063687622
64.92426116014553
65.10704435211116
65.28956948830067
65.47183584526444
65.65384270057855
65.83558933284763
66.01707502170774
66.19829904782917
66.37926069291936
66.55995923972569
66.7403939720383
66.9205641746931
67.10046913357438
67.28010813561775
67.459480468813
67.63858542220684
67.81742228590575
67.99599035107886
68.17428890996061
68.3523172558537
68.53007468313186
68.70756048724256
68.88477396470992
69.0617144131374
69.23838113121063
69.41477341870024
69.5908905764645
69.76673190645229
69.94229671170561
70.1175842963626
70.29259396566007
70.4673250259365
70.64177678463456
70.81594855030394
70.98983963260417
71.16344934230723
71.33677699130037
71.50982189258875
71.68258336029828
71.85506070967826
72.02725325710409
72.19916032008004
72.37078121724186
72.54211526835955
72.71316179434011
72.88392011723008
73.05438956021833
73.22456944763874
73.39445910497287
73.56405785885262
73.73336503706285
73.90237996854418
74.07110198339554
74.2395304128768
74.40766458941152
74.57550384658961
74.74304751916976
74.91029494308238
75.077245455432
75.24389839449998
75.41025309974715
75.5763089118164
75.74206517253529
75.90752122491871
76.0726764131714
76.2375300826906
76.40208158006865
76.56633025309557
76.73027545076167
76.89391652326002
77.05725282198917
77.22028369955571
77.38300850977664
77.54542660768223
77.70753734951832
77.869340092749
78.03083419605919
78.19201901935703
78.35289392377658
78.51345827168025
78.67371142666138
78.83365275354672
78.99328161839897
79.1525973885193
79.31159943244988
79.4702871199763
79.62865982213017
79.78671691119155
79.94445776069139
80.10188174541416
80.25898824140022
80.41577662594831
80.57224627761798
80.72839657623219
80.88422690287958
81.0397366399171
81.19492517097233
81.34979188094593
81.50433615601425
81.65855738363149
81.81245495253235
81.96602825273433
82.11927667554019
82.27219961354044
82.42479646061555
82.57706661193855
82.7290094639773
82.880624414497
83.03191086256246
83.18286820854048
83.33349585410241
83.48379320222625
83.63375965719922
83.78339462462007
83.9326975114014
84.08166772577201
84.2303046772793
84.37860777679158
84.5265764365004
84.67421006992282
84.82150809190391
84.96846991861887
85.11509496757544
85.26138265761625
85.40733240892102
85.55294364300896
85.69821578274095
85.84314825232191
85.98774047730315
86.13199188458442
86.27590190241644
86.41946996040295
86.56269548950317
86.70557792203387
86.84811669167178
86.99031123345566
87.13216098378872
87.27366538044075
87.41482386255036
87.55563587062724
87.6961008465543
87.83621823359
87.97598747637043
88.11540802091162
88.25447931461163
88.39320080625286
88.53157194600414
88.66959218542293
88.80726097745753
88.94457777644922
89.08154203813439
89.21815321964678
89.35441077951957
89.49031417768755
89.62586287548919
89.76105633566894
89.89589402237918
90.03037540118245
90.16449993905351
90.29826710438152
90.4316763669721
90.56472719804943
90.69741907025833
90.8297514576664
90.96172383576611
91.0933356814768
91.22458647314681
91.3554756905556
91.48600281491562
91.61616732887467
91.74596871651764
91.87540646336875
92.00448005639353
92.13318898400087
92.26153273604498
92.38951080382753
92.51712268009958
92.64436785906358
92.77124583637547
92.89775610914653
93.02389817594555
93.14967153680068
93.27507569320144
93.40011014810081
93.52477440591694
93.64906797253546
93.77299035531111
93.89654106306992
94.01971960611107
94.14252549620882
94.26495824661447
94.38701737205827
94.50870238875136
94.63001281438773
94.75094816814598
94.87150797069147
94.99169174417796
95.11149901224965
95.23092930004313
95.34998213418903
95.46865704281417
95.58695355554322
95.70487120350067
95.8224095193127
95.93956803710893
96.0563462925244
96.17274382270126
96.28876016629079
96.40439486345502
96.51964745586876
96.63451748672125
96.74900450071809
96.86310804408288
96.97682766455927
97.09016291141252
97.20311333543142
97.31567848892999
97.42785792574936
97.53965120125939
97.65105787236057
97.7620774974857
97.87270963660168
97.98295385121119
98.09280970435455
98.20227676061128
98.311354586102
98.42004274849002
98.5283408169831
98.63624836233524
98.74376495684821
98.85089017437336
98.95762359031332
99.06396478162361
99.16991332681441
99.27546880595209
99.38063080066107
99.48539889412528
99.58977267108993
99.69375171786315
99.79733562231759
99.90052397389209
100.00331636359324
100.10571238399707
100.20771162925067
100.30931369507378
100.41051817876031
100.5113246791801
100.61173279678036
100.71174213358736
100.81135229320795
100.9105628808311
101.00937350322955
101.10778376876134
101.2057932873713
101.30340167059269
101.40060853154867
101.49741348495387
101.5938161471159
101.68981613593687
101.78541307091491
101.88060657314573
101.97539626532398
102.06978177174491
102.16376271830575
102.25733873250724
102.35050944345508
102.44327448186141
102.53563348004633
102.62758607193925
102.7191318930804
102.81027058062233
102.9010017733312
102.99132511158837
103.0812402373917
103.17074679435709
103.25984442771978
103.34853278433582
103.43681151268346
103.52468026286452
103.6121386866058
103.69918643726045
103.78582316980936
103.87204854086255
103.9578622086604
104.04326383307519
104.12825307561229
104.21282959941166
104.29699306924901
104.38074315153726
104.4640795143278
104.54700182731185
104.62950976182168
104.71160299083203
104.79328118896137
104.8745440324731
104.95539119927695
105.0358223689302
105.11583722263896
105.19543544325943
105.27461671529917
105.35338072491835
105.43172715993094
105.50965570980605
105.58716606566908
105.66425792030296
105.74093096814936
105.81718490530994
105.89301942954756
105.9684342402874
106.04342903861821
106.11800352729352
106.19215741073272
106.26589039502235
106.3392021879172
106.41209249884145
106.48456103888986
106.55660752082893
106.62823165909799
106.69943316981038
106.77021177075449
106.84056718139502
106.91049912287394
106.98000731801174
107.04909149130836
107.11775136894447
107.18598667878238
107.25379715036729
107.32118251492821
107.38814250537907
107.45467685631985
107.52078530403756
107.58646758650728
107.65172344339327
107.71655261604992
107.78095484752279
107.8449298825497
107.90847746756167
107.97159735068391
108.03428928173689
108.09655301223728
108.15838829539896
108.219794886134
108.28077254105354
108.34132101846897
108.40144007839261
108.46112948253891
108.52038899432522
108.57921837887282
108.63761740300784
108.69558583526214
108.75312344587428
108.81023000679039
108.86690529166513
108.92314907586248
108.97896113645679
109.03434125223347
109.08928920369006
109.14380477303698
109.19788774419835
109.25153790281307
109.3047550362354
109.35753893353596
109.40988938550254
109.46180618464086
109.51328912517555
109.56433800305075
109.61495261593113
109.66513276320255
109.7148782459729
109.76418886707289
109.81306443105687
109.86150474420351
109.90950961451667
109.95707885172608
110.00421226728814
110.05090967438663
110.09717088793357
110.14299572456974
110.1883840026656
110.2333355423219
110.27785016537047
110.32192769537485
110.36556795763107
110.4087707791682
110.45153598874924
110.49386341687168
110.53575289576808
110.57720425940697
110.61821734349331
110.65879198546921
110.69892802451457
110.73862530154776
110.77788365922612
110.81670294194683
110.85508299584718
110.89302366880551
110.93052481044164
110.96758627211746
111.00420790693761
111.04038956974995
111.07613111714628
111.11143240746274
111.14629330078051
111.18071365892631
111.2146933454729
111.24823222573971
111.28133016679335
111.31398703744807
111.34620270826636
111.37797705155943
111.40930994138772
111.44020125356138
111.47065086564079
111.50065865693706
111.53022450851246
111.5593483031809
111.58802992550842
111.61626926181368
111.64406620016833
111.67142063039745
111.69833244408012
111.7248015345497
111.7508277968943
111.77641112795725
111.80155142633743
111.82624859238975
111.85050252822543
111.87431313771252
111.8976803264762
111.92060400189922
111.94308407312212
111.9651204510438
111.98671304832169
112.00786177937223
112.02856656037109
112.04882730925364
112.06864394571512
112.08801639121108
112.10694456895763
112.12542840393182
112.14346782287178
112.16106275427718
112.17821312840944
112.19491887729198
112.21117993471051
112.22699623621341
112.24236771911173
112.25729432247968
112.27177598715471
112.28581265573789
112.29940427259402
112.31255078385188
112.32525213740445
112.33750828290914
112.34931917178798
112.36068475722777
112.37160499418034
112.38207983936262
112.39210925125693
112.40169319011109
112.41083161793858
112.41952449851863
112.4277717973965
112.43557348188354
112.44292952105727
112.44983988576156
112.4563045486068
112.46232348396984
112.4678966679943
112.47302407859051
112.47770569543567
112.48194149997393
112.48573147541634
112.48907560674117
112.49197388069372
112.49442628578652
112.4964328122993
112.49799345227906
112.49910819954012
112.49977704966412
112.5
112.49977704966412
112.49910819954012
112.49799345227906
112.4964328122993
112.49442628578652
112.49197388069372
112.48907560674117
112.48573147541634
112.48194149997391
112.47770569543567
112.47302407859051
112.4678966679943
112.46232348396984
112.45630454860678
112.44983988576156
112.44292952105727
112.43557348188354
112.4277717973965
112.41952449851863
112.41083161793858
112.40169319011109
112.39210925125693
112.38207983936262
112.37160499418034
112.36068475722777
112.34931917178798
112.33750828290914
112.32525213740445
112.31255078385188
112.299404272594
112.28581265573789
112.27177598715471
112.25729432247968
112.24236771911173
112.22699623621341
112.21117993471051
112.19491887729198
112.17821312840944
112.16106275427718
112.14346782287178
112.12542840393182
112.10694456895763
112.08801639121108
112.06864394571512
112.04882730925364
112.02856656037109
112.00786177937223
111.98671304832169
111.9651204510438
111.94308407312212
111.92060400189922
111.8976803264762
111.87431313771252
111.85050252822543
111.82624859238975
111.80155142633743
111.77641112795725
111.7508277968943
111.7248015345497
111.69833244408012
111.67142063039745
111.64406620016831
111.61626926181367
111.58802992550841
111.5593483031809
111.53022450851245
111.50065865693706
111.47065086564079
111.44020125356138
111.40930994138772
111.37797705155943
111.34620270826635
111.31398703744807
111.28133016679335
111.24823222573971
111.2146933454729
111.18071365892631
111.14629330078051
111.11143240746273
111.07613111714628
111.04038956974995
111.00420790693761
110.96758627211746
110.93052481044164
110.89302366880551
110.85508299584717
110.81670294194682
110.77788365922612
110.73862530154774
110.69892802451456
110.6587919854692
110.6182173434933
110.57720425940697
110.53575289576808
110.49386341687168
110.45153598874924
110.4087707791682
110.36556795763106
110.32192769537485
110.27785016537047
110.2333355423219
110.18838400266557
110.14299572456972
110.09717088793357
110.05090967438663
110.00421226728812
109.95707885172607
109.90950961451667
109.86150474420351
109.81306443105687
109.76418886707289
109.7148782459729
109.66513276320254
109.61495261593112
109.56433800305075
109.51328912517553
109.46180618464086
109.40988938550254
109.35753893353596
109.3047550362354
109.25153790281307
109.19788774419835
109.14380477303695
109.08928920369006
109.03434125223346
108.97896113645679
108.92314907586248
108.86690529166513
108.81023000679039
108.75312344587428
108.69558583526214
108.63761740300784
108.57921837887282
108.52038899432522
108.46112948253891
108.40144007839261
108.34132101846897
108.28077254105354
108.21979488613398
108.15838829539896
108.09655301223728
108.03428928173689
107.9715973506839
107.90847746756167
107.8449298825497
107.78095484752279
107.71655261604991
107.65172344339325
107.58646758650728
107.52078530403755
107.45467685631982
107.38814250537905
107.3211825149282
107.25379715036728
107.18598667878238
107.11775136894445
107.04909149130836
106.98000731801173
106.91049912287394
106.840567181395
106.77021177075449
106.69943316981036
106.62823165909798
106.55660752082893
106.48456103888985
106.41209249884145
106.33920218791718
106.26589039502235
106.19215741073272
106.11800352729351
106.04342903861821
105.96843424028738
105.89301942954755
105.81718490530993
105.74093096814934
105.66425792030293
105.58716606566907
105.50965570980604
105.43172715993093
105.35338072491834
105.27461671529916
105.19543544325941
105.11583722263894
105.03582236893018
104.95539119927693
104.87454403247308
104.79328118896136
104.71160299083202
104.62950976182167
104.54700182731182
104.46407951432779
104.38074315153725
104.29699306924901
104.21282959941166
104.12825307561229
104.04326383307517
103.95786220866039
103.87204854086255
103.78582316980936
103.69918643726045
103.61213868660579
103.52468026286452
103.43681151268345
103.34853278433582
103.25984442771977
103.17074679435709
103.0812402373917
102.99132511158837
102.9010017733312
102.81027058062233
102.7191318930804
102.62758607193925
102.53563348004633
102.44327448186141
102.35050944345507
102.25733873250722
102.16376271830575
102.06978177174491
101.97539626532398
101.88060657314571
101.78541307091491
101.68981613593687
101.59381614711589
101.49741348495387
101.40060853154867
101.30340167059268
101.20579328737129
101.10778376876134
101.00937350322955
100.9105628808311
100.81135229320793
100.71174213358736
100.61173279678036
100.5113246791801
100.41051817876031
100.30931369507377
100.20771162925067
100.10571238399706
100.00331636359321
99.90052397389208
99.79733562231759
99.69375171786314
99.58977267108992
99.48539889412524
99.38063080066104
99.27546880595207
99.16991332681437
99.0639647816236
98.95762359031329
98.85089017437332
98.74376495684818
98.63624836233522
98.5283408169831
98.42004274849
98.31135458610198
98.20227676061128
98.09280970435454
97.98295385121119
97.87270963660166
97.76207749748569
97.65105787236054
97.53965120125937
97.42785792574935
97.31567848892998
97.2031133354314
97.09016291141249
96.97682766455925
96.86310804408286
96.74900450071806
96.63451748672125
96.51964745586875
96.40439486345501
96.28876016629076
96.17274382270125
96.05634629252437
95.93956803710891
95.82240951931269
95.70487120350066
95.5869535555432
95.46865704281416
95.34998213418902
95.2309293000431
95.11149901224964
94.99169174417793
94.87150797069145
94.75094816814597
94.6300128143877
94.50870238875135
94.38701737205824
94.26495824661444
94.14252549620879
94.01971960611105
93.89654106306989
93.77299035531108
93.64906797253543
93.52477440591693
93.40011014810077
93.27507569320143
93.14967153680065
93.02389817594553
92.89775610914651
92.77124583637543
92.64436785906356
92.51712268009955
92.3895108038275
92.26153273604496
92.13318898400084
92.0044800563935
91.8754064633687
91.7459687165176
91.61616732887464
91.4860028149156
91.35547569055554
91.22458647314679
91.09333568147676
90.96172383576608
90.82975145766638
90.69741907025829
90.56472719804941
90.43167636697208
90.29826710438152
90.16449993905351
90.03037540118245
89.89589402237918
89.76105633566894
89.62586287548919
89.49031417768755
89.35441077951957
89.21815321964678
89.08154203813439
88.94457777644922
88.80726097745753
88.66959218542293
88.53157194600414
88.39320080625286
88.25447931461163
88.11540802091162
87.97598747637043
87.83621823359
87.6961008465543
87.55563587062724
87.41482386255036
87.27366538044075
87.13216098378871
86.99031123345566
86.84811669167178
86.70557792203387
86.56269548950317
86.41946996040295
86.27590190241642
86.13199188458441
85.98774047730315
85.84314825232191
85.69821578274095
85.55294364300896
85.40733240892102
85.26138265761624
85.11509496757544
84.96846991861885
84.82150809190391
84.67421006992282
84.52657643650039
84.37860777679157
84.2303046772793
84.081667725772
83.93269751140139
83.78339462462006
83.6337596571992
83.48379320222622
83.33349585410238
83.18286820854047
83.03191086256244
82.880624414497
82.7290094639773
82.57706661193855
82.42479646061555
82.27219961354044
82.11927667554019
81.9660282527343
81.81245495253233
81.65855738363146
81.50433615601423
81.34979188094592
81.19492517097231
81.03973663991708
80.88422690287956
80.72839657623217
80.57224627761795
80.41577662594827
80.2589882414002
80.10188174541415
79.94445776069138
79.78671691119152
79.62865982213016
79.47028711997629
79.31159943244987
79.15259738851928
78.99328161839895
78.83365275354669
78.67371142666137
78.51345827168025
78.35289392377656
78.192019019357
78.03083419605917
77.86934009274898
77.70753734951828
77.54542660768219
77.38300850977663
77.2202836995557
77.05725282198915
76.89391652325999
76.73027545076164
76.56633025309556
76.40208158006863
76.23753008269058
76.07267641317137
75.9075212249187
75.74206517253528
75.57630891181638
75.41025309974714
75.24389839449998
75.07724545543199
74.91029494308238
74.74304751916975
74.57550384658958
74.40766458941151
74.23953041287676
74.07110198339552
73.90237996854417
73.73336503706284
73.56405785885259
73.39445910497285
73.22456944763871
73.05438956021828
72.88392011723003
72.71316179434007
72.54211526835954
72.37078121724181
72.19916032008001
72.02725325710408
71.85506070967824
71.68258336029825
71.50982189258872
71.33677699130034
71.16344934230722
70.98983963260414
70.81594855030393
70.64177678463453
70.46732502593647
70.29259396566006
70.11758429636257
69.94229671170558
69.76673190645226
69.59089057646449
69.41477341870021
69.23838113121062
69.06171441313737
68.8847739647099
68.70756048724255
68.53007468313184
68.35231725585369
68.17428890996058
67.99599035107882
67.81742228590574
67.63858542220682
67.45948046881298
67.28010813561772
67.10046913357435
66.92056417469307
66.74039397203826
66.55995923972563
66.37926069291933
66.19829904782914
66.01707502170771
65.83558933284759
65.65384270057851
65.4718358452644
65.28956948830061
65.10704435211113
64.92426116014549
64.74122063687618
64.55792350779552
64.37437049941302
64.19056233925227
64.00649975584824
63.82218347874431
63.63761423848938
63.452792766634985
63.267719795732404
63.08239605932975
62.89682229196909
62.71099922918337
62.524927607493815
62.33860816440671
62.15204163841066
61.96522876897354
61.77817029653965
61.590866962526796
61.403319509323225
61.21552868028481
61.027495219732096
60.839219872947226
60.65070338617114
60.46194650660055
60.27294998238493
60.08371456262364
59.894240997362914
59.7045300375929
59.51458243524465
59.32439894318715
59.13398031522441
58.94332730609235
58.75244067145591
58.56132116790601
58.369969552956576
58.17838658504148
57.986573023511625
57.79452962863186
57.60225716157798
57.409756384433756
57.217028060187864
57.02407295273087
56.83089182685221
56.637485448237165
56.44385458346381
56.24999999999999
56.0559224662003
55.86162275130296
55.667101625426845
55.47235985956842
55.277398225598645
55.08221749625995
54.88681844516317
54.69120184678448
54.495368476462275
54.29931911039419
54.10305452563394
53.90657550008828
53.70988281251392
53.51297724251443
53.31585957053716
53.118530577870104
52.920991046638896
52.72324175980361
52.525283501155705
52.32711705531492
52.12874320772617
51.930162744656386
51.731376453191466
51.5323851212331
51.333189537495684
51.133790491503156
50.934188773585916
50.734385174877644
50.5343804873122
50.33417550362047
50.13377101732723
49.933167822747976
49.73236671498584
49.53136848992833
49.33017394424431
49.128783875380726
48.927199081559515
48.7254203617744
48.52344851578775
48.32128434412742
48.11892864808353
47.91638222970533
47.713645891798016
47.51072043791954
47.30760667237741
47.104305400225556
46.90081742726106
46.69714356002102
46.49328460577936
46.28924137254357
46.08501466905157
45.880605304768466
45.67601408988333
45.47124183530606
45.26628935266405
45.061157454299114
44.855846953264134
44.6503586633199
44.44469339893192
44.23885197526709
44.03283520819059
43.82664391426253
43.620278910734804
43.4137410155478
43.207031047327156
43.00014982538056
42.793098169694474
42.58587690093085
42.37848684042396
42.17092881017706
41.96320363285918
41.75531213180182
41.547255130995765
41.33903345508772
41.130647929377105
40.922099379812785
40.71338863298976
40.50451651614593
40.29548385715876
40.08629148454206
39.87694022744268
39.667430915637205
39.45776437952869
39.24794145014333
39.037962959127235
38.82782973874306
38.61754262186676
38.40710244198427
38.19651003318816
37.985766230174434
37.77487186823911
37.56382778327497
37.35263481176821
37.14129379079518
36.92980555801903
36.71817095168636
36.50639081062399
36.2944659742355
36.082397282498036
35.870185575958914
35.65783169573227
35.44533648349579
35.2327007814873
35.019925432501516
34.807011279886616
34.59395916754094
34.380769939909634
34.16744444198133
33.95398351928477
33.740388017885444
33.52665878438226
33.31279666590421
33.09880251010692
32.88467716516943
32.67042147979069
32.456036303186316
32.24152248508513
32.02688087572585
31.81211232585371
31.59721768671706
31.382197810064035
31.16705354813913
30.951785753679882
30.73639527991343
30.520882980553168
30.30524970979536
30.089496322315743
29.873623673266128
29.657632618271055
29.44152401342436
29.225298715285795
29.008957580877624
28.792501467681245
28.575931233633792
28.359247737124704
28.142451836992407
27.925544392520678
27.708526263435584
27.49139830990182
27.274161392519392
27.056816372320196
26.839364110764578
26.62180546973797
26.404141311547423
26.18637249891822
25.968499894990455
25.75052436331559
25.532446767853067
25.314267972966842
25.095988843422
24.877610244381295
24.659133041401752
24.44055810043119
24.221886287804846
24.0031184702419
23.784255514842066
23.565298289082126
23.346247660812512
23.12710449825388
22.90786966999362
22.68854404498248
22.469128492531055
22.2496238823064
22.030031084328535
21.810350968967022
21.590584406937527
21.37073226929833
21.15079542744691
20.930774753116467
20.71067111837248
20.490485395609262
20.27021845754646
20.049871177225633
19.82944442800679
19.608939083564913
19.3883560178865
19.167696105266103
18.94696022030287
18.726149237897044
18.505264033246558
18.284305481843507
18.063274459470698
17.84217184219819
17.620998506379816
17.399755328649697
17.178443185918773
16.95706295537135
16.73561551446159
16.514101740910043
16.292522512700184
16.07087870807492
15.849171205533102
15.627400883826061
15.405568621954112
15.183675299163074
14.961721794940784
14.739708989013605
14.517637761342963
14.295508992121832
14.073323561771245
13.851082350936837
13.628786240485317
13.406436111500994
13.184032845282289
12.961577323338226
12.739070427384956
12.516513039342252
12.293906041330015
12.071250315664777
11.848546744856204
11.625796211603607
11.402999598792421
11.180157789490739
10.957271666945774
10.73434211458039
10.511370015989588
10.288356254936991
10.065301715351367
9.84220728132311
9.61907383710073
9.395902267087365
9.172693455837265
8.949448288052285
8.726167648578382
8.502852422402112
8.27950349464711
8.056121750570593
7.832708075559853
7.609263355128731
7.385788474914126
7.162284320672477
6.93875177827625
6.715191733710429
6.491605073069006
6.267992682551469
6.0443554484592825
5.820694257192387
5.597009995245672
5.373303549205477
5.149575805746059
4.925827651626098
4.702059973685169
4.478273658840232
4.254469594082114
4.030648666471993
3.8068117631378917
3.5829597712711445
3.3590935781228963
3.135214071000576
2.911322137264385
2.6874186643237783
2.463504539633947
2.2395806506923015
2.015647885034952
1.7917071302331937
1.5677592738899866
1.3438052036364379
1.1198458071282846
0.8958819720423741
0.6719145860731462
0.44794453692911584
0.22397271232935265
-3.618275961772433e-14
-0.22397271232942503
-0.44794453692918823
-0.6719145860732186
-0.8958819720424462
-1.119845807128357
-1.3438052036365102
-1.567759273890059
-1.791707130233266
-2.015647885035025
-2.239580650692374
-2.4635045396340196
-2.6874186643238507
-2.9113221372644573
-3.135214071000648
-3.3590935781229683
-3.582959771271217
-3.8068117631379637
-4.030648666472066
-4.2544695940821855
-4.478273658840305
-4.702059973685241
-4.925827651626171
-5.149575805746131
-5.373303549205547
-5.597009995245744
-5.820694257192459
-6.044355448459355
-6.267992682551539
-6.491605073069079
-6.715191733710501
-6.9387517782763215
-7.162284320672549
-7.385788474914198
-7.609263355128803
-7.832708075559925
-8.056121750570666
-8.279503494647182
-8.502852422402185
-8.726167648578453
-8.949448288052357
-9.172693455837337
-9.395902267087438
-9.619073837100801
-9.84220728132313
-10.065301715351389
-10.288356254937014
-10.511370015989609
-10.734342114580414
-10.957271666945797
-11.18015778949076
-11.402999598792444
-11.625796211603628
-11.848546744856227
-12.071250315664798
-12.293906041330036
-12.516513039342273
-12.739070427384979
-12.961577323338247
-13.18403284528231
-13.406436111501018
-13.628786240485338
-13.85108235093686
-14.073323561771268
-14.295508992121853
-14.517637761342984
-14.739708989013627
-14.961721794940804
-15.183675299163095
-15.405568621954137
-15.627400883826082
-15.849171205533125
-16.07087870807494
-16.292522512700206
-16.514101740910064
-16.73561551446161
-16.957062955371377
-17.178443185918795
-17.399755328649718
-17.620998506379838
-17.842171842198212
-18.06327445947072
-18.28430548184353
-18.505264033246583
-18.72614923789707
-18.946960220302888
-19.167696105266124
-19.388356017886522
-19.608939083564934
-19.829444428006813
-20.049871177225658
-20.27021845754648
-20.490485395609284
-20.710671118372506
-20.930774753116488
-21.15079542744693
-21.37073226929835
-21.59058440693755
-21.81035096896705
-22.030031084328556
-22.249623882306423
-22.46912849253108
-22.6885440449825
-22.907869669993644
-23.1271044982539
-23.346247660812534
-23.565298289082143
-23.784255514842087
-24.003118470241926
-24.22188628780487
-24.440558100431208
-24.65913304140177
-24.87761024438132
-25.095988843422024
-25.314267972966867
-25.53244676785309
-25.750524363315616
-25.96849989499048
-26.186372498918246
-26.404141311547445
-26.621805469737996
-26.8393641107646
-27.056816372320217
-27.274161392519417
-27.49139830990184
-27.708526263435605
-27.925544392520703
-28.142451836992425
-28.359247737124782
-28.575931233633867
-28.79250146768132
-29.00895758087769
-29.225298715285863
-29.441524013424434
-29.657632618271123
-29.8736236732662
-30.08949632231581
-30.305249709795426
-30.52088298055324
-30.7363952799135
-30.95178575367995
-31.1670535481392
-31.382197810064103
-31.59721768671713
-31.81211232585378
-32.026880875725915
-32.2415224850852
-32.45603630318639
-32.67042147979076
-32.8846771651695
-33.09880251010699
-33.31279666590427
-33.526658784382334
-33.740388017885515
-33.95398351928484
-34.1674444419814
-34.380769939909705
-34.59395916754101
-34.80701127988668
-35.01992543250159
-35.232700781487374
-35.44533648349585
-35.657831695732334
-35.87018557595898
-36.08239728249811
-36.29446597423557
-36.506390810624055
-36.71817095168643
-36.92980555801909
-37.141293790795245
-37.35263481176827
-37.56382778327503
-37.77487186823918
-37.985766230174505
-38.19651003318823
-38.407102441984335
-38.61754262186683
-38.82782973874313
-39.0379629591273
-39.2479414501434
-39.457764379528754
-39.66743091563728
-39.87694022744276
-40.08629148454213
-40.29548385715883
-40.50451651614599
-40.71338863298983
-40.922099379812856
-41.130647929377176
-41.33903345508779
-41.547255130995836
-41.7553121318019
-41.96320363285925
-42.17092881017713
-42.37848684042403
-42.58587690093091
-42.79309816969453
-43.00014982538063
-43.20703104732722
-43.41374101554786
-43.620278910734875
-43.826643914262604
-44.03283520819066
-44.23885197526717
-44.44469339893198
-44.65035866331997
-44.8558469532642
-45.061157454299185
-45.266289352664124
-45.471241835306124
-45.6760140898834
-45.88060530476854
-46.08501466905164
-46.289241372543636
-46.49328460577943
-46.69714356002105
-46.900817427261074
-47.10430540022558
-47.30760667237743
-47.51072043791955
-47.71364589179803
-47.91638222970534
-48.118928648083546
-48.32128434412744
-48.52344851578778
-48.72542036177442
-48.927199081559536
-49.12878387538075
-49.33017394424434
-49.531368489928354
-49.73236671498586
-49.933167822748004
-50.133771017327255
-50.334175503620486
-50.53438048731222
-50.734385174877666
-50.93418877358593
-51.13379049150318
-51.3331895374957
-51.53238512123312
-51.73137645319149
-51.930162744656414
-52.12874320772618
-52.327117055314936
-52.52528350115572
-52.72324175980363
-52.92099104663891
-53.11853057787012
-53.31585957053718
-53.51297724251445
-53.70988281251394
-53.906575500088294
-54.10305452563396
-54.299319110394215
-54.4953684764623
-54.691201846784494
-54.88681844516319
-55.08221749625997
-55.27739822559866
-55.472359859568435
-55.66710162542687
-55.861622751302974
-56.055922466200315
-56.250000000000014
-56.44385458346382
-56.63748544823717
-56.830891826852216
-57.02407295273089
-57.217028060187886
-57.40975638443379
-57.60225716157801
-57.79452962863188
-57.986573023511646
-58.17838658504151
-58.36996955295659
-58.56132116790604
-58.75244067145593
-58.94332730609236
-59.13398031522443
-59.32439894318718
-59.514582435244655
-59.704530037592924
-59.89424099736294
-60.08371456262365
-60.272949982384944
-60.461946506600555
-60.65070338617116
-60.83921987294725
-61.0274952197321
-61.21552868028484
-61.40331950932323
-61.5908669625268
-61.77817029653967
-61.965228768973546
-62.152041638410665
-62.338608164406736
-62.52492760749384
-62.7109992291834
-62.89682229196911
-63.082396059329795
-63.26771979573246
-63.45279276663504
-63.637614238489434
-63.82218347874437
-64.0064997558483
-64.19056233925232
-64.37437049941308
-64.55792350779559
-64.74122063687624
-64.92426116014556
-65.10704435211119
-65.28956948830067
-65.47183584526444
-65.65384270057855
-65.83558933284766
-66.01707502170775
-66.1982990478292
-66.37926069291937
-66.55995923972569
-66.74039397203833
-66.92056417469314
-67.10046913357439
-67.2801081356178
-67.45948046881303
-67.63858542220686
-67.81742228590579
-67.99599035107889
-68.17428890996064
-68.35231725585375
-68.53007468313189
-68.7075604872426
-68.88477396470994
-69.06171441313742
-69.23838113121066
-69.41477341870026
-69.59089057646455
-69.7667319064523
-69.94229671170564
-70.11758429636261
-70.2925939656601
-70.46732502593653
-70.64177678463459
-70.81594855030399
-70.9898396326042
-71.16344934230727
-71.33677699130038
-71.50982189258877
-71.68258336029831
-71.85506070967828
-72.02725325710412
-72.19916032008005
-72.37078121724187
-72.54211526835958
-72.71316179434012
-72.8839201172301
-73.05438956021834
-73.22456944763877
-73.39445910497291
-73.56405785885264
-73.73336503706288
-73.90237996854422
-74.07110198339556
-74.23953041287683
-74.40766458941155
-74.57550384658964
-74.74304751916982
-74.91029494308243
-75.07724545543203
-75.24389839450002
-75.41025309974718
-75.57630891181644
-75.74206517253532
-75.90752122491875
-76.07267641317142
-76.23753008269063
-76.40208158006868
-76.5663302530956
-76.7302754507617
-76.89391652326003
-77.05725282198922
-77.22028369955574
-77.38300850977667
-77.54542660768226
-77.70753734951833
-77.86934009274906
-78.03083419605919
-78.19201901935703
-78.35289392377658
-78.51345827168025
-78.67371142666137
-78.8336527535467
-78.99328161839897
-79.1525973885193
-79.31159943244987
-79.4702871199763
-79.62865982213017
-79.78671691119155
-79.94445776069139
-80.10188174541416
-80.25898824140022
-80.41577662594831
-80.57224627761798
-80.72839657623219
-80.88422690287958
-81.0397366399171
-81.19492517097233
-81.34979188094596
-81.50433615601425
-81.65855738363149
-81.81245495253235
-81.96602825273433
-82.11927667554022
-82.27219961354045
-82.42479646061555
-82.57706661193855
-82.72900946397732
-82.88062441449702
-83.03191086256247
-83.1828682085405
-83.33349585410241
-83.48379320222625
-83.63375965719922
-83.78339462462007
-83.9326975114014
-84.08166772577202
-84.23030467727932
-84.3786077767916
-84.5265764365004
-84.67421006992284
-84.82150809190391
-84.96846991861887
-85.11509496757546
-85.26138265761627
-85.40733240892108
-85.55294364300897
-85.69821578274097
-85.84314825232192
-85.98774047730318
-86.13199188458442
-86.27590190241648
-86.41946996040298
-86.56269548950321
-86.70557792203388
-86.84811669167182
-86.99031123345567
-87.13216098378876
-87.27366538044075
-87.4148238625504
-87.55563587062726
-87.69610084655436
-87.83621823359002
-87.97598747637048
-88.11540802091163
-88.25447931461169
-88.39320080625288
-88.53157194600419
-88.66959218542294
-88.80726097745759
-88.94457777644924
-89.08154203813443
-89.21815321964681
-89.35441077951963
-89.49031417768755
-89.62586287548925
-89.76105633566897
-89.89589402237922
-90.03037540118247
-90.16449993905357
-90.29826710438154
-90.43167636697217
-90.56472719804944
-90.69741907025832
-90.82975145766642
-90.9617238357661
-91.0933356814768
-91.22458647314681
-91.3554756905556
-91.48600281491561
-91.61616732887467
-91.74596871651761
-91.87540646336876
-92.00448005639352
-92.13318898400088
-92.26153273604497
-92.38951080382756
-92.51712268009956
-92.6443678590636
-92.77124583637544
-92.89775610914654
-93.02389817594555
-93.14967153680068
-93.27507569320144
-93.40011014810082
-93.52477440591694
-93.64906797253546
-93.7729903553111
-93.89654106306995
-94.01971960611107
-94.14252549620883
-94.26495824661444
-94.38701737205828
-94.50870238875136
-94.63001281438773
-94.75094816814598
-94.8715079706915
-94.99169174417794
-95.11149901224968
-95.23092930004312
-95.34998213418905
-95.46865704281417
-95.58695355554323
-95.70487120350067
-95.82240951931271
-95.93956803710891
-96.05634629252441
-96.17274382270126
-96.28876016629079
-96.40439486345502
-96.51964745586879
-96.63451748672125
-96.7490045007181
-96.86310804408288
-96.9768276645593
-97.0901629114125
-97.20311333543144
-97.31567848892999
-97.42785792574936
-97.53965120125937
-97.65105787236058
-97.7620774974857
-97.8727096366017
-97.98295385121119
-98.09280970435458
-98.20227676061128
-98.31135458610201
-98.42004274849
-98.52834081698313
-98.63624836233524
-98.74376495684821
-98.85089017437335
-98.95762359031333
-99.06396478162361
-99.16991332681441
-99.27546880595209
-99.38063080066108
-99.48539889412527
-99.58977267108995
-99.69375171786315
-99.79733562231763
-99.90052397389208
-100.00331636359324
-100.10571238399707
-100.2077116292507
-100.30931369507378
-100.41051817876033
-100.5113246791801
-100.61173279678039
-100.71174213358736
-100.81135229320799
-100.91056288083111
-101.00937350322958
-101.10778376876134
-101.20579328737132
-101.30340167059269
-101.4006085315487
-101.49741348495387
-101.59381614711592
-101.68981613593687
-101.78541307091496
-101.88060657314573
-101.97539626532401
-102.06978177174491
-102.16376271830578
-102.25733873250724
-102.3505094434551
-102.44327448186144
-102.53563348004636
-102.62758607193925
-102.71913189308044
-102.81027058062234
-102.90100177333122
-102.99132511158837
-103.08124023739173
-103.1707467943571
-103.25984442771981
-103.34853278433583
-103.43681151268348
-103.52468026286454
-103.61213868660582
-103.69918643726047
-103.7858231698094
-103.87204854086256
-103.95786220866043
-104.04326383307519
-104.12825307561232
-104.21282959941166
-104.29699306924903
-104.38074315153727
-104.46407951432782
-104.54700182731185
-104.6295097618217
-104.71160299083205
-104.79328118896137
-104.8745440324731
-104.95539119927696
-105.0358223689302
-105.11583722263897
-105.19543544325943
-105.2746167152992
-105.35338072491835
-105.43172715993096
-105.50965570980605
-105.5871660656691
-105.66425792030296
-105.74093096814937
-105.81718490530994
-105.89301942954759
-105.96843424028741
-106.04342903861826
-106.11800352729352
-106.19215741073276
-106.26589039502237
-106.33920218791721
-106.41209249884145
-106.48456103888986
-106.55660752082893
-106.62823165909802
-106.69943316981038
-106.77021177075451
-106.84056718139503
-106.91049912287397
-106.98000731801174
-107.04909149130839
-107.11775136894447
-107.18598667878243
-107.25379715036729
-107.32118251492822
-107.38814250537907
-107.45467685631988
-107.52078530403756
-107.58646758650731
-107.65172344339328
-107.71655261604991
-107.7809548475228
-107.8449298825497
-107.90847746756168
-107.9715973506839
-108.0342892817369
-108.09655301223728
-108.15838829539898
-108.21979488613398
-108.28077254105355
-108.34132101846897
-108.40144007839262
-108.46112948253891
-108.52038899432523
-108.57921837887281
-108.63761740300785
-108.69558583526214
-108.7531234458743
-108.81023000679039
-108.86690529166515
-108.92314907586248
-108.97896113645679
-109.03434125223346
-109.08928920369007
-109.14380477303695
-109.19788774419837
-109.25153790281307
-109.3047550362354
-109.35753893353596
-109.40988938550255
-109.46180618464086
-109.51328912517555
-109.56433800305074
-109.61495261593113
-109.66513276320254
-109.7148782459729
-109.76418886707289
-109.81306443105689
-109.86150474420351
-109.90950961451667
-109.95707885172608
-110.00421226728814
-110.05090967438663
-110.09717088793357
-110.14299572456974
-110.1883840026656
-110.2333355423219
-110.27785016537047
-110.32192769537485
-110.36556795763107
-110.4087707791682
-110.45153598874926
-110.49386341687168
-110.5357528957681
-110.57720425940697
-110.61821734349331
-110.65879198546921
-110.69892802451457
-110.73862530154774
-110.77788365922615
-110.81670294194683
-110.85508299584718
-110.89302366880551
-110.93052481044164
-110.96758627211746
-111.00420790693761
-111.04038956974995
-111.07613111714629
-111.11143240746273
-111.14629330078053
-111.18071365892631
-111.21469334547291
-111.24823222573971
-111.28133016679337
-111.31398703744807
-111.34620270826636
-111.37797705155943
-111.40930994138772
-111.44020125356138
-111.4706508656408
-111.50065865693706
-111.53022450851246
-111.5593483031809
-111.58802992550842
-111.61626926181368
-111.64406620016833
-111.67142063039745
-111.69833244408012
-111.7248015345497
-111.7508277968943
-111.77641112795725
-111.80155142633745
-111.82624859238975
-111.85050252822543
-111.87431313771253
-111.89768032647622
-111.92060400189922
-111.94308407312214
-111.9651204510438
-111.9867130483217
-112.00786177937223
-112.0285665603711
-112.04882730925364
-112.06864394571512
-112.0880163912111
-112.10694456895766
-112.12542840393182
-112.14346782287178
-112.16106275427718
-112.17821312840944
-112.19491887729198
-112.21117993471053
-112.22699623621341
-112.24236771911173
-112.25729432247968
-112.27177598715471
-112.28581265573789
-112.29940427259402
-112.31255078385188
-112.32525213740445
-112.33750828290914
-112.34931917178798
-112.36068475722777
-112.37160499418034
-112.38207983936262
-112.39210925125695
-112.40169319011109
-112.41083161793858
-112.41952449851863
-112.4277717973965
-112.43557348188354
-112.44292952105727
-112.44983988576156
-112.4563045486068
-112.46232348396984
-112.4678966679943
-112.47302407859051
-112.47770569543567
-112.48194149997393
-112.48573147541634
-112.48907560674117
-112.49197388069372
-112.49442628578652
-112.4964328122993
-112.49799345227906
-112.49910819954012
-112.49977704966412
-112.5
-112.49977704966412
-112.49910819954012
-112.49799345227906
-112.4964328122993
-112.49442628578652
-112.49197388069372
-112.48907560674117
-112.48573147541634
-112.48194149997391
-112.47770569543567
-112.47302407859051
-112.4678966679943
-112.46232348396984
-112.45630454860678
-112.44983988576156
-112.44292952105727
-112.43557348188354
-112.4277717973965
-112.41952449851863
-112.41083161793856
-112.40169319011109
-112.39210925125693
-112.38207983936262
-112.37160499418034
-112.36068475722777
-112.34931917178798
-112.33750828290914
-112.32525213740445
-112.31255078385188
-112.29940427259402
-112.28581265573789
-112.27177598715471
-112.25729432247965
-112.24236771911173
-112.22699623621341
-112.21117993471053
-112.19491887729197
-112.17821312840944
-112.16106275427718
-112.14346782287178
-112.1254284039318
-112.10694456895763
-112.08801639121108
-112.06864394571512
-112.04882730925364
-112.02856656037109
-112.00786177937223
-111.98671304832169
-111.96512045104379
-111.94308407312212
-111.92060400189922
-111.8976803264762
-111.87431313771252
-111.85050252822543
-111.82624859238975
-111.80155142633743
-111.77641112795725
-111.7508277968943
-111.72480153454967
-111.69833244408012
-111.67142063039745
-111.64406620016833
-111.61626926181367
-111.58802992550842
-111.55934830318088
-111.53022450851245
-111.50065865693706
-111.47065086564079
-111.44020125356136
-111.40930994138772
-111.37797705155941
-111.34620270826636
-111.31398703744807
-111.28133016679335
-111.24823222573971
-111.2146933454729
-111.1807136589263
-111.14629330078051
-111.11143240746273
-111.07613111714628
-111.04038956974995
-111.00420790693761
-110.96758627211746
-110.93052481044164
-110.8930236688055
-110.85508299584717
-110.81670294194682
-110.77788365922612
-110.73862530154774
-110.69892802451457
-110.6587919854692
-110.6182173434933
-110.57720425940697
-110.53575289576808
-110.49386341687166
-110.45153598874924
-110.40877077916818
-110.36556795763106
-110.32192769537484
-110.27785016537047
-110.2333355423219
-110.18838400266557
-110.14299572456972
-110.09717088793357
-110.05090967438662
-110.00421226728812
-109.95707885172607
-109.90950961451665
-109.8615047442035
-109.81306443105686
-109.76418886707287
-109.71487824597288
-109.66513276320252
-109.61495261593112
-109.56433800305074
-109.51328912517553
-109.46180618464085
-109.40988938550254
-109.35753893353596
-109.3047550362354
-109.25153790281307
-109.19788774419835
-109.14380477303693
-109.08928920369004
-109.03434125223345
-108.97896113645677
-108.92314907586245
-108.86690529166512
-108.81023000679038
-108.75312344587428
-108.69558583526212
-108.63761740300784
-108.5792183788728
-108.52038899432522
-108.46112948253888
-108.40144007839261
-108.34132101846896
-108.28077254105354
-108.21979488613397
-108.15838829539896
-108.09655301223728
-108.03428928173689
-107.97159735068388
-107.90847746756165
-107.84492988254968
-107.78095484752279
-107.7165526160499
-107.65172344339325
-107.58646758650727
-107.52078530403755
-107.45467685631982
-107.38814250537905
-107.32118251492818
-107.25379715036728
-107.18598667878237
-107.11775136894445
-107.04909149130835
-106.98000731801172
-106.91049912287392
-106.840567181395
-106.77021177075447
-106.69943316981036
-106.62823165909796
-106.55660752082893
-106.48456103888982
-106.41209249884145
-106.33920218791717
-106.26589039502235
-106.1921574107327
-106.11800352729351
-106.0434290386182
-105.96843424028738
-105.89301942954754
-105.81718490530992
-105.7409309681493
-105.66425792030292
-105.58716606566904
-105.50965570980603
-105.43172715993092
-105.35338072491831
-105.27461671529913
-105.19543544325941
-105.11583722263893
-105.03582236893017
-104.9553911992769
-104.87454403247308
-104.79328118896133
-104.71160299083202
-104.62950976182162
-104.54700182731182
-104.46407951432778
-104.38074315153725
-104.29699306924901
-104.21282959941165
-104.12825307561229
-104.04326383307517
-103.9578622086604
-103.87204854086254
-103.78582316980936
-103.69918643726044
-103.6121386866058
-103.5246802628645
-103.43681151268346
-103.34853278433582
-103.25984442771978
-103.17074679435707
-103.0812402373917
-102.99132511158834
-102.9010017733312
-102.81027058062232
-102.7191318930804
-102.62758607193923
-102.53563348004633
-102.4432744818614
-102.35050944345508
-102.25733873250721
-102.16376271830575
-102.0697817717449
-101.97539626532398
-101.88060657314571
-101.78541307091491
-101.68981613593684
-101.5938161471159
-101.49741348495382
-101.40060853154867
-101.30340167059265
-101.2057932873713
-101.10778376876131
-101.00937350322955
-100.91056288083108
-100.81135229320795
-100.71174213358735
-100.61173279678036
-100.51132467918008
-100.41051817876031
-100.30931369507373
-100.20771162925067
-100.10571238399703
-100.00331636359323
-99.90052397389205
-99.79733562231759
-99.69375171786312
-99.58977267108992
-99.48539889412523
-99.38063080066104
-99.27546880595207
-99.1699133268144
-99.06396478162357
-98.95762359031329
-98.85089017437332
-98.7437649568482
-98.63624836233521
-98.5283408169831
-98.42004274848999
-98.311354586102
-98.20227676061124
-98.09280970435454
-97.98295385121116
-97.87270963660167
-97.76207749748565
-97.65105787236055
-97.53965120125935
-97.42785792574935
-97.31567848892996
-97.2031133354314
-97.09016291141249
-96.97682766455925
-96.86310804408284
-96.74900450071806
-96.63451748672122
-96.51964745586875
-96.404394863455
-96.28876016629077
-96.17274382270121
-96.05634629252438
-95.9395680371089
-95.82240951931269
-95.70487120350064
-95.5869535555432
-95.46865704281412
-95.34998213418903
-95.23092930004307
-95.11149901224965
-94.99169174417791
-94.87150797069147
-94.75094816814595
-94.63001281438771
-94.50870238875133
-94.38701737205825
-94.26495824661441
-94.14252549620879
-94.01971960611104
-93.8965410630699
-93.77299035531107
-93.64906797253545
-93.5247744059169
-93.4001101481008
-93.27507569320142
-93.14967153680067
-93.0238981759455
-92.89775610914651
-92.77124583637543
-92.64436785906356
-92.51712268009955
-92.38951080382752
-92.26153273604493
-92.13318898400084
-92.00448005639349
-91.87540646336873
-91.74596871651758
-91.61616732887465
-91.48600281491558
-91.35547569055555
-91.22458647314676
-91.09333568147677
-90.96172383576607
-90.82975145766638
-90.69741907025828
-90.56472719804941
-90.43167636697206
-90.29826710438152
-90.16449993905347
-90.03037540118243
-89.89589402237914
-89.76105633566891
-89.62586287548915
-89.49031417768751
-89.35441077951953
-89.21815321964675
-89.08154203813433
-88.94457777644918
-88.80726097745747
-88.66959218542291
-88.53157194600409
-88.39320080625285
-88.25447931461157
-88.11540802091159
-87.97598747637038
-87.83621823358997
-87.69610084655426
-87.55563587062721
-87.41482386255032
-87.27366538044072
-87.13216098378867
-86.99031123345563
-86.8481166916717
-86.70557792203385
-86.56269548950311
-86.41946996040294
-86.27590190241638
-86.1319918845844
-85.98774047730308
-85.8431482523219
-85.69821578274087
-85.55294364300892
-85.40733240892096
-85.26138265761624
-85.11509496757537
-84.96846991861884
-84.82150809190384
-84.6742100699228
-84.52657643650032
-84.37860777679157
-84.2303046772793
-84.08166772577198
-83.9326975114014
-83.78339462462004
-83.63375965719922
-83.4837932022262
-83.33349585410241
-83.18286820854046
-83.03191086256246
-82.88062441449698
-82.7290094639773
-82.5770666119385
-82.42479646061555
-82.27219961354041
-82.11927667554022
-81.96602825273429
-81.81245495253235
-81.65855738363145
-81.50433615601423
-81.3497918809459
-81.19492517097233
-81.03973663991705
-80.88422690287956
-80.72839657623214
-80.57224627761798
-80.41577662594825
-80.2589882414002
-80.10188174541412
-79.94445776069138
-79.78671691119149
-79.62865982213017
-79.47028711997628
-79.31159943244987
-79.15259738851925
-78.99328161839895
-78.83365275354667
-78.67371142666137
-78.51345827168022
-78.35289392377656
-78.19201901935699
-78.03083419605917
-77.86934009274896
-77.7075373495183
-77.54542660768217
-77.38300850977663
-77.22028369955565
-77.05725282198917
-76.89391652325997
-76.73027545076164
-76.56633025309553
-76.40208158006864
-76.23753008269054
-76.0726764131714
-75.90752122491867
-75.74206517253529
-75.57630891181635
-75.41025309974715
-75.24389839449995
-75.07724545543199
-74.91029494308235
-74.74304751916976
-74.57550384658954
-74.40766458941152
-74.23953041287673
-74.07110198339552
-73.90237996854414
-73.73336503706284
-73.56405785885258
-73.39445910497287
-73.22456944763869
-73.05438956021831
-72.88392011723
-72.7131617943401
-72.5421152683595
-72.37078121724181
-72.19916032007997
-72.02725325710408
-71.8550607096782
-71.68258336029827
-71.50982189258869
-71.33677699130034
-71.16344934230719
-70.98983963260417
-70.81594855030389
-70.64177678463454
-70.46732502593645
-70.29259396566006
-70.11758429636252
-69.9422967117056
-69.76673190645222
-69.5908905764645
-69.41477341870018
-69.23838113121062
-69.06171441313734
-68.88477396470991
-68.70756048724252
-68.53007468313186
-68.35231725585366
-68.17428890996058
-67.9959903510788
-67.81742228590575
-67.63858542220677
-67.45948046881298
-67.28010813561771
-67.10046913357436
-66.92056417469306
-66.74039397203828
-66.5599592397256
-66.37926069291933
-66.19829904782911
-66.01707502170773
-65.83558933284756
-65.65384270057852
-65.47183584526435
-65.28956948830063
-65.10704435211109
-64.9242611601455
-64.74122063687614
-64.55792350779554
-64.37437049941299
-64.19056233925227
-64.00649975584821
-63.822183478744314
-63.63761423848934
-63.452792766635
-63.267719795732376
-63.08239605932977
-62.896822291969016
-62.71099922918335
-62.52492760749375
-62.338608164406686
-62.15204163841057
-61.965228768973496
-61.778170296539585
-61.59086696252675
-61.40331950932315
-61.21552868028479
-61.02749521973202
-60.8392198729472
-60.65070338617107
-60.461946506600505
-60.27294998238486
-60.083714562623605
-59.89424099736284
-59.704530037592875
-59.51458243524457
-59.32439894318713
-59.13398031522434
-58.94332730609231
-58.752440671455844
-58.56132116790598
-58.369969552956505
-58.17838658504146
-57.98657302351156
-57.79452962863183
-57.60225716157791
-57.409756384433734
-57.2170280601878
-57.02407295273084
-56.83089182685213
-56.63748544823712
-56.44385458346373
-56.24999999999996
-56.05592246620022
-55.861622751302924
-55.667101625426774
-55.47235985956838
-55.27739822559857
-55.08221749625992
-54.8868184451631
-54.69120184678445
-54.49536847646228
-54.29931911039416
-54.10305452563395
-53.90657550008825
-53.70988281251394
-53.512977242514395
-53.31585957053717
-53.118530577870075
-52.9209910466389
-52.72324175980357
-52.52528350115571
-52.327117055314886
-52.128743207726174
-51.93016274465636
-51.73137645319148
-51.53238512123308
-51.3331895374957
-51.13379049150312
-50.93418877358592
-50.73438517487761
-50.53438048731221
-50.33417550362044
-50.133771017327234
-49.933167822747954
-49.73236671498585
-49.531368489928305
-49.33017394424432
-49.12878387538069
-48.92719908155953
-48.72542036177436
-48.52344851578777
-48.321284344127385
-48.11892864808354
-47.91638222970529
-47.71364589179803
-47.5107204379195
-47.30760667237743
-47.10430540022552
-46.900817427261074
-46.697143560021
-46.49328460577937
-46.28924137254354
-46.08501466905158
-45.88060530476843
-45.676014089883346
-45.47124183530602
-45.26628935266407
-45.06115745429908
-44.85584695326414
-44.65035866331987
-44.44469339893193
-44.23885197526706
-44.0328352081906
-43.826643914262505
-43.62027891073482
-43.41374101554776
-43.20703104732716
-43.000149825380525
-42.79309816969448
-42.58587690093082
-42.378486840423975
-42.17092881017703
-41.96320363285919
-41.755312131801794
-41.54725513099577
-41.33903345508768
-41.13064792937711
-40.92209937981276
-40.713388632989776
-40.50451651614589
-40.29548385715877
-40.08629148454203
-39.8769402274427
-39.667430915637176
-39.4577643795287
-39.2479414501433
-39.037962959127256
-38.827829738743034
-38.61754262186678
-38.40710244198423
-38.19651003318818
-37.985766230174406
-37.774871868239124
-37.563827783274924
-37.35263481176822
-37.141293790795146
-36.92980555801904
-36.71817095168633
-36.506390810624
-36.294465974235465
-36.08239728249805
-35.87018557595887
-35.65783169573228
-35.44533648349575
-35.23270078148732
-35.01992543250149
-34.80701127988662
-34.5939591675409
-34.38076993990965
-34.1674444419813
-33.95398351928478
-33.74038801788541
-33.52665878438228
-33.312796665904166
-33.098802510106935
-32.884677165169386
-32.670421479790704
-32.45603630318628
-32.24152248508514
-32.026880875725816
-31.812112325853725
-31.597217686717023
-31.382197810064046
-31.1670535481391
-30.951785753679893
-30.736395279913395
-30.520882980553186
-30.305249709795326
-30.089496322315753
-29.873623673266092
-29.65763261827107
-29.441524013424324
-29.225298715285806
-29.00895758087759
-28.792501467681266
-28.575931233633764
-28.359247737124726
-28.142451836992322
-27.925544392520642
-27.7085262634355
-27.491398309901783
-27.27416139251931
-27.056816372320156
-26.8393641107645
-26.621805469737936
-26.404141311547342
-26.18637249891819
-25.968499894990373
-25.75052436331556
-25.532446767852985
-25.314267972966807
-25.095988843421914
-24.877610244381263
-24.659133041401663
-24.440558100431154
-24.22188628780476
-24.003118470241873
-23.784255514841984
-23.56529828908209
-23.34624766081243
-23.127104498253843
-22.907869669993538
-22.688544044982443
-22.46912849253097
-22.249623882306363
-22.03003108432845
-21.81035096896699
-21.59058440693744
-21.370732269298294
-21.150795427446827
-20.93077475311643
-20.7106711183724
-20.490485395609227
-20.27021845754637
-20.049871177225597
-19.829444428006703
-19.608939083564877
-19.388356017886412
-19.167696105266067
-18.94696022030278
-18.72614923789701
-18.505264033246572
-18.28430548184347
-18.063274459470712
-17.84217184219816
-17.62099850637983
-17.399755328649658
-17.17844318591879
-16.957062955371317
-16.735615514461603
-16.514101740910007
-16.292522512700195
-16.070878708074883
-15.849171205533118
-15.627400883826027
-15.405568621954128
-15.183675299163038
-14.961721794940797
-14.739708989013572
-14.517637761342979
-14.295508992121793
-14.07332356177126
-13.851082350936801
-13.62878624048533
-13.406436111500957
-13.184032845282303
-12.96157732333819
-12.73907042738497
-12.516513039342216
-12.293906041330029
-12.071250315664741
-11.848546744856218
-11.625796211603571
-11.402999598792436
-11.1801577894907
-10.957271666945788
-10.734342114580354
-10.5113700159896
-10.288356254936955
-10.065301715351382
-9.842207281323073
-9.619073837100744
-9.395902267087331
-9.172693455837278
-8.949448288052247
-8.726167648578397
-8.502852422402077
-8.279503494647123
-8.056121750570558
-7.832708075559866
-7.609263355128695
-7.38578847491414
-7.162284320672441
-6.938751778276264
-6.715191733710392
-6.49160507306902
-6.267992682551432
-6.044355448459296
-5.82069425719235
-5.597009995245687
-5.373303549205439
-5.149575805746073
-4.925827651626062
-4.702059973685183
-4.4782736588401955
-4.254469594082128
-4.030648666471958
-3.8068117631379046
-3.5829597712711085
-3.3590935781229097
-3.1352140710005396
-2.9113221372643983
-2.6874186643237423
-2.4635045396339605
-2.239580650692265
-2.0156478850349657
-1.7917071302331575
-1.5677592738900004
-1.3438052036364019
-1.1198458071282984
-0.8958819720423377
-0.6719145860731601
-0.44794453692907965
-0.22397271232936647
-2.7554552980815446e-14
