0.007764371973438626
0.011646519491935148
0.015528620848735089
0.019410660656890868
0.02329262352969886
0.027174494080760364
0.031056256924042614
0.03493789667393975
0.038819397945333796
0.04270074535365566
0.04658192351494606
0.05046291704591656
0.05434371056401055
0.058224288687464085
0.06210463603536707
0.065984737227724
0.06986457688551509
0.07374413963075716
0.07762341008656454
0.08150237287721013
0.08538101262818622
0.08925931396626553
0.09313726151956209
0.09701483991759216
0.1008920337913352
0.10476882777329474
0.10864520649755927
0.11252115459986324
0.11639665671764791
0.12027169749012213
0.12414626155832338
0.12802033356517867
0.13189389815556515
0.13576693997637124
0.1396394436765574
0.143511393907217
0.14738277532163704
0.15125357257535907
0.15512377032624003
0.158993353234513
0.1628623059628481
0.16673061317641305
0.1705982595429343
0.17446522973275744
0.17833150841890824
0.18219708027715323
0.18606192998606053
0.18992604222706044
0.1937894016845065
0.19765199304573572
0.20151380100112953
0.20537481024417456
0.20923500547152316
0.21309437138305393
0.21695289268193274
0.22081055407467293
0.22466734027119625
0.22852323598489327
0.23237822593268426
0.23623229483507918
0.24008542741623884
0.24393760840403522
0.24778882253011203
0.25163905452994506
0.25548828914290284
0.25933651111230716
0.2631837051854936
0.2670298561138716
0.27087494865298534
0.2747189675625741
0.2785618976066322
0.2824037235534702
0.28624443017577433
0.2900840022506678
0.29392242455977036
0.29775968188925905
0.3015957590299283
0.3054306407772504
0.30926431193143555
0.3130967572974923
0.3169279616852877
0.32075790990960723
0.3245865867902157
0.32841397715191656
0.3322400658246127
0.33606483764336614
0.3398882774484587
0.34371037008545124
0.34753110040524454
0.3513504532641388
0.35516841352389406
0.35898496605178987
0.36280009572068556
0.3666137874090799
0.37042602600117114
0.37423679638691726
0.37804608346209523
0.38185387212836136
0.385660147293311
0.38946489387053845
0.3932680967796963
0.39706974094655617
0.4008698113030673
0.40466829278741706
0.40846517034409024
0.4122604289239292
0.4160540534841931
0.41984602898861745
0.42363634040747405
0.42742497271763047
0.43121191090260924
0.434997139952648
0.43878064486475865
0.44256241064278656
0.44634242229747045
0.4501206648465014
0.4538971233145826
0.45767178273348874
0.46144462814212484
0.4652156445865861
0.4689848171202167
0.4727521308036695
0.4765175707049648
0.48028112189955
0.48404276947035846
0.48780249850786833
0.49156029411016233
0.49531614138298663
0.4990700254398092
0.5028219314018796
0.5065718443982878
0.5103197495660232
0.5140656320500324
0.5178094770032804
0.521551269586807
0.525290994969787
0.529028638329589
0.5327641848518336
0.5364976197304521
0.5402289281677458
0.5439580953744438
0.5476851065697631
0.551409946981465
0.5551326018459155
0.5588530564081431
0.5625712959218967
0.5662873056497062
0.5700010708629375
0.5737125768418541
0.5774218088756735
0.5811287522626266
0.584833392310015
0.5885357143342701
0.5922357036610105
0.595933345625101
0.5996286255707102
0.6033215288513687
0.6070120408300271
0.610700146879114
0.6143858323805942
0.6180690827260267
0.6217498833166217
0.6254282195633001
0.6291040768867492
0.632777440717483
0.6364482964958975
0.6401166296723304
0.6437824257071171
0.6474456700706495
0.6511063482434333
0.6547644457161451
0.658419947989691
0.6620728405752621
0.6657231089943945
0.6693707387790245
0.673015715471547
0.6766580246248728
0.680297651802485
0.6839345825784978
0.6875688025377122
0.6912002972756738
0.6948290523987297
0.6984550535240857
0.7020782862798631
0.7056987363051564
0.7093163892500889
0.7129312307758704
0.7165432465548541
0.7201524222705938
0.7237587436178987
0.7273621963028929
0.7309627660430695
0.7345604385673492
0.7381551996161354
0.7417470349413712
0.7453359303065968
0.7489218714870045
0.7525048442694956
0.7560848344527371
0.7596618278472178
0.7632358102753041
0.7668067675712966
0.770374685581487
0.773939550164212
0.7775013471899122
0.7810600625411852
0.7846156821128442
0.7881681918119721
0.7917175775579782
0.7952638252826537
0.7988069209302275
0.8023468504574223
0.8058835998335094
0.8094171550403648
0.8129475020725254
0.8164746269372434
0.8199985156545422
0.8235191542572724
0.8270365287911658
0.8305506253148929
0.8340614299001148
0.8375689286315424
0.841073107606988
0.8445739529374232
0.8480714507470318
0.8515655871732664
0.8550563483669018
0.8585437204920914
0.8620276897264214
0.8655082422609653
0.868985364300339
0.8724590420627552
0.8759292617800782
0.8793960096978795
0.8828592720754894
0.886319035186055
0.8897752853165921
0.8932280087680408
0.8966771918553191
0.9001228209073776
0.9035648822672537
0.9070033622921256
0.9104382473533658
0.913869523836596
0.9172971781417409
0.9207211966830822
0.9241415658893108
0.9275582722035836
0.9309713020835748
0.9343806420015305
0.9377862784443216
0.9411881979134995
0.9445863869253461
0.9479808320109311
0.9513715197161619
0.9547584366018393
0.95814156924371
0.9615209042325195
0.9648964281740655
0.9682681276892515
0.9716359894141388
0.9750000000000001
0.9783601461133729
0.981716414436111
0.9850687916654385
0.9884172645140019
0.9917618197099234
0.9951024439968521
0.9984391241340185
1.0017718468962855
1.0051005990742017
1.0084253674740526
1.0117461389179143
1.0150629002437044
1.018375638305236
1.0216843399722677
1.0249889921305562
1.0282895816819106
1.0315860955442404
1.0348785206516102
1.0381668439542906
1.0414510524188099
1.0447311330280054
1.048007072781076
1.0512788586936332
1.0545464777977518
1.057809917142023
1.0610691637916034
1.064324204828269
1.0675750273504643
1.0708216184733539
1.0740639653288746
1.0773020550657846
1.0805358748497162
1.0837654118632263
1.086990653305845
1.0902115863941308
1.0934281983617165
1.0966404764593625
1.099848407955007
1.1030519801338166
1.1062511802982353
1.109445995768037
1.1126364138803733
1.1158224219898263
1.1190040074684566
1.1221811577058545
1.1253538601091897
1.1285221021032603
1.131685871130545
1.1348451546512501
1.1379999401433614
1.1411502151026922
1.1442959670429342
1.1474371834957058
1.1505738520106021
1.153705960155245
1.1568334955153308
1.1599564456946803
1.1630747983152891
1.1661885410173745
1.1692976614594255
1.172402147318252
1.1755019862890332
1.178597166085367
1.1816876744393172
1.184773499101464
1.1878546278409523
1.190931048445538
1.1940027487216385
1.1970697164943815
1.200131939607651
1.2031894059241375
1.2062421033253847
1.2092900197118397
1.2123331430028974
1.2153714611369515
1.2184049620714417
1.2214336337828995
1.2244574642669992
1.2274764415386017
1.2304905536318058
1.233499788599992
1.2365041345158732
1.2395035794715383
1.2424981115785037
1.2454877189677567
1.2484723897898045
1.2514521122147206
1.2544268744321923
1.2573966646515657
1.2603614711018953
1.2633212820319877
1.2662760857104507
1.2692258704257382
1.2721706244861966
1.2751103362201122
1.278044993975756
1.2809745861214328
1.2838991010455225
1.2868185271565311
1.289732852883133
1.2926420666742198
1.2955461569989428
1.2984451123467615
1.3013389212274882
1.304227572171333
1.3071110537289508
1.3099893544714842
1.3128624629906116
1.315730367898591
1.318593057828304
1.3214505214333037
1.3243027473878568
1.3271497243869899
1.3299914411465357
1.3328278864031735
1.3356590489144793
1.3384849174589655
1.3413054808361284
1.3441207278664922
1.346930647391651
1.349735228274316
1.3525344593983593
1.3553283296688554
1.3581168280121276
1.3608999433757913
1.3636776647287974
1.3664499810614763
1.369216881385582
1.3719783547343347
1.374734390162465
1.377484976746256
1.38023010358359
1.3829697597939867
1.3857039345186508
1.3884326169205121
1.3911557961842704
1.3938734615164372
1.3965856021453784
1.3992922073213578
1.4019932663165795
1.4046887684252298
1.4073787029635203
1.4100630592697299
1.412741826704247
1.4154149946496122
1.418082552510561
1.4207444897140615
1.4234007957093633
1.426051459968034
1.4286964719840032
1.4313358212736016
1.4339694973756067
1.4365974898512817
1.439219788284416
1.4418363822813685
1.444447261471108
1.447052415505255
1.4496518340581197
1.4522455068267481
1.4548334235309577
1.4574155739133818
1.4599919477395078
1.462562534797721
1.4651273248993404
1.4676863078786624
1.470239473593001
1.472786811922727
1.4753283127713077
1.4778639660653485
1.4803937617546314
1.4829176898121552
1.4854357402341762
1.4879479030402467
1.4904541682732542
1.4929545259994637
1.4954489663085515
1.4979374793136513
1.5004200551513884
1.5028966839819209
1.5053673559889778
1.5078320613798981
1.5102907903856715
1.5127435332609733
1.5151902802842065
1.5176310217575388
1.5200657480069413
1.5224944493822268
1.5249171162570876
1.5273337390291348
1.5297443081199351
1.5321488139750494
1.5345472470640718
1.5369395978806644
1.5393258569425974
1.5417060147917865
1.5440800619943293
1.5464479891405443
1.548809786845006
1.5511654457465842
1.5535149565084794
1.5558583098182617
1.5581954963879059
1.5605265069538292
1.5628513322769275
1.5651699631426133
1.56748239036085
1.56978860476619
1.5720885972178111
1.574382358599551
1.576669879819946
1.578951151812264
1.5812261655345452
1.58349491196963
1.5857573821252045
1.5880135670338273
1.5902634577529724
1.5925070453650583
1.594744320977488
1.5969752757226818
1.599199900758113
1.601418187266344
1.6036301264550592
1.6058357095571023
1.608034927830508
1.6102277725585399
1.612414235049723
1.6145943066378785
1.6167679786821585
1.6189352425670807
1.6210960897025606
1.623250511523948
1.6253984994920594
1.627540045093212
1.6296751398392586
1.6318037752676195
1.633925942941317
1.6360416344490099
1.6381508414050239
1.6402535554493871
1.6423497682478638
1.6444394714919857
1.6465226568990847
1.6485993162123274
1.6506694412007477
1.6527330236592763
1.6547900554087787
1.6568405282960825
1.6588844341940119
1.66092176500142
1.6629525126432214
1.6649766690704229
1.6669942262601558
1.6690051762157072
1.6710095109665535
1.6730072225683918
1.6749983031031688
1.6769827446791132
1.67896053943077
1.680931679519027
1.6828961571311503
1.6848539644808112
1.68680509380812
1.6887495373796555
1.6906872874884962
1.6926183364542498
1.6945426766230853
1.6964603003677627
1.698371200087661
1.7002753682088123
1.702172797183929
1.7040634794924348
1.705947407640494
1.707824574161041
1.7096949716138108
1.711558592585369
1.7134154296891382
1.7152654755654306
1.7171087228814759
1.7189451643314495
1.7207747926365027
1.7225976005447916
1.7244135808315046
1.726222726298892
1.7280250297762951
1.7298204841201716
1.7316090822141295
1.7333908169689494
1.7351656813226162
1.7369336682403453
1.7386947707146119
1.7404489817651791
1.7421962944391218
1.7439367018108596
1.7456701969821813
1.7473967730822713
1.749116423267739
1.7508291407226455
1.75253491865853
1.7542337503144358
1.7559256289569398
1.757610547880177
1.7592885004058667
1.7609594798833421
1.7626234796895723
1.764280493229192
1.7659305139345258
1.767573535265616
1.7692095507102454
1.7708385537839662
1.772460538030125
1.7740754970198878
1.7756834243522646
1.7772843136541365
1.7788781585802804
1.7804649528133938
1.7820446900641203
1.7836173640710742
1.785182968600865
1.7867414974481228
1.788292944435523
1.7898373034138095
1.791374568261821
1.7929047328865133
1.7944277912229851
1.7959437372345008
1.7974525649125146
1.7989542682766961
1.8004488413749509
1.801936278283447
1.803416573106637
1.80488971997728
1.8063557130564691
1.80781454653365
1.8092662146266458
1.810710711581682
1.8121480316734053
1.813578169204909
1.8150011185077553
1.8164168739419972
1.8178254298962
1.8192267807874671
1.8206209210614568
1.8220078451924089
1.8233875476831634
1.8247600230651857
1.8261252658985847
1.8274832707721367
1.8288340323033052
1.8301775451382643
1.8315138039519177
1.832842803447922
1.8341645383587057
1.8354790034454913
1.836786193498315
1.8380861033360496
1.8393787278064213
1.840664061786034
1.841942100180388
1.8432128379238981
1.8444762699799184
1.8457323913407575
1.8469811970277012
1.848222682091032
1.8494568416100465
1.8506836706930776
1.8519031644775135
1.8531153181298152
1.8543201268455372
1.8555175858493453
1.8567076903950375
1.8578904357655615
1.8590658172730334
1.8602338302587555
1.8613944700932374
1.862547732176211
1.863693611936651
1.864832104832793
1.8659632063521503
1.8670869120115319
1.868203217357062
1.8693121179641952
1.8704136094377355
1.8715076874118544
1.8725943475501061
1.873673585545446
1.8747453971202486
1.8758097780263225
1.8768667240449284
1.8779162309867954
1.8789582946921386
1.8799929110306746
1.8810200759016373
1.8820397852337956
1.8830520349854694
1.8840568211445439
1.8850541397284877
1.886043986784367
1.8870263583888622
1.8880012506482835
1.888968659698584
1.8899285817053801
1.8908810128639613
1.8918259493993075
1.8927633875661047
1.89369332364876
1.894615753961414
1.8955306748479568
1.8964380826820437
1.8973379738671086
1.8982303448363762
1.8991151920528795
1.899992512009473
1.9008623012288441
1.9017245562635303
1.9025792736959302
1.9034264501383191
1.9042660822328608
1.9050981666516222
1.9059227000965855
1.906739679299661
1.9075491010227017
1.908350962057515
1.9091452592258755
1.9099319893795372
1.9107111494002464
1.9114827361997548
1.912246746719831
1.9130031779322718
1.9137520268389154
1.9144932904716536
1.9152269658924421
1.9159530501933137
1.916671540496388
1.9173824339538843
1.918085727748133
1.918781419091586
1.9194695052268278
1.9201499834265863
1.920822850993745
1.9214881052613513
1.9221457435926288
1.9227957633809885
1.923438162050036
1.9240729370535854
1.9247000858756662
1.9253196060305355
1.925931495062688
1.9265357505468623
1.9271323700880556
1.9277213513215303
1.928302691912822
1.9288763895577514
1.9294424419824332
1.9300008469432837
1.9305516022270304
1.9310947056507204
1.9316301550617307
1.9321579483377738
1.9326780833869093
1.9331905581475493
1.933695370588469
1.934192518708813
1.9346820005381042
1.9351638141362513
1.9356379575935558
1.936104429030722
1.9365632265988615
1.9370143484795013
1.9374577928845924
1.9378935580565155
1.9383216422680891
1.938742043822574
1.9391547610536835
1.9395597923255878
1.9399571360329197
1.9403467906007839
1.9407287544847593
1.9411030261709095
1.9414696041757855
1.9418284870464324
1.9421796733603964
1.9425231617257288
1.942858950780992
1.9431870391952661
1.9435074256681517
1.9438201089297777
1.9441250877408045
1.9444223608924305
1.9447119272063942
1.9449937855349824
1.9452679347610324
1.945534373797937
1.945793101589648
1.9460441171106817
1.9462874193661235
1.94652300739163
1.9467508802534326
1.946971037048344
1.9471834769037586
1.947388198977658
1.9475852024586149
1.9477744865657927
1.9479560505489526
1.9481298936884537
1.948296015295259
1.948454414710935
1.9486050913076562
1.9487480444882064
1.9488832736859818
1.949010778364993
1.949130558019867
1.9492426121758513
1.9493469403888104
1.9494435422452345
1.949532417362236
1.9496135653875521
1.949686985999548
1.9497526789072164
1.9498106438501803
1.9498608805986914
1.9499033889536332
1.9499381687465216
1.9499652198395037
1.949984542125362
1.9499961355275115
1.9500000000000002
1.9499961355275115
1.949984542125362
1.9499652198395037
1.9499381687465216
1.9499033889536332
1.9498608805986914
1.9498106438501803
1.9497526789072164
1.949686985999548
1.9496135653875521
1.949532417362236
1.9494435422452345
1.9493469403888104
1.9492426121758508
1.949130558019867
1.949010778364993
1.9488832736859818
1.9487480444882064
1.9486050913076562
1.948454414710935
1.948296015295259
1.9481298936884537
1.9479560505489526
1.9477744865657924
1.9475852024586149
1.947388198977658
1.9471834769037586
1.946971037048344
1.9467508802534326
1.9465230073916293
1.9462874193661235
1.9460441171106817
1.945793101589648
1.945534373797937
1.9452679347610324
1.9449937855349824
1.9447119272063942
1.9444223608924305
1.9441250877408045
1.9438201089297777
1.9435074256681517
1.9431870391952661
1.942858950780992
1.9425231617257288
1.9421796733603964
1.9418284870464324
1.9414696041757855
1.9411030261709095
1.9407287544847593
1.9403467906007839
1.9399571360329197
1.9395597923255878
1.9391547610536835
1.9387420438225738
1.9383216422680891
1.9378935580565155
1.9374577928845924
1.9370143484795013
1.9365632265988615
1.936104429030722
1.9356379575935558
1.9351638141362506
1.9346820005381038
1.934192518708813
1.933695370588469
1.9331905581475493
1.9326780833869093
1.9321579483377738
1.9316301550617307
1.9310947056507204
1.9305516022270304
1.9300008469432834
1.9294424419824332
1.9288763895577514
1.928302691912822
1.9277213513215303
1.9271323700880556
1.9265357505468623
1.9259314950626876
1.9253196060305355
1.9247000858756662
1.9240729370535854
1.9234381620500356
1.9227957633809885
1.9221457435926288
1.9214881052613513
1.9208228509937446
1.9201499834265863
1.9194695052268278
1.918781419091586
1.9180857277481325
1.9173824339538839
1.9166715404963872
1.9159530501933137
1.9152269658924421
1.9144932904716536
1.9137520268389154
1.9130031779322718
1.912246746719831
1.9114827361997546
1.9107111494002464
1.9099319893795368
1.9091452592258753
1.908350962057515
1.9075491010227017
1.906739679299661
1.9059227000965855
1.9050981666516222
1.9042660822328608
1.9034264501383191
1.9025792736959302
1.9017245562635303
1.9008623012288441
1.899992512009473
1.8991151920528795
1.8982303448363758
1.8973379738671083
1.8964380826820437
1.8955306748479568
1.894615753961414
1.89369332364876
1.8927633875661047
1.891825949399307
1.8908810128639613
1.8899285817053801
1.888968659698584
1.8880012506482835
1.8870263583888622
1.886043986784367
1.8850541397284877
1.8840568211445439
1.8830520349854694
1.8820397852337956
1.8810200759016373
1.8799929110306746
1.8789582946921386
1.8779162309867954
1.8768667240449284
1.8758097780263225
1.8747453971202486
1.873673585545446
1.8725943475501061
1.8715076874118541
1.8704136094377355
1.8693121179641952
1.868203217357062
1.8670869120115319
1.8659632063521499
1.864832104832793
1.863693611936651
1.8625477321762105
1.861394470093237
1.8602338302587553
1.859065817273033
1.8578904357655615
1.8567076903950372
1.855517585849345
1.8543201268455367
1.853115318129815
1.8519031644775135
1.8506836706930776
1.8494568416100463
1.8482226820910317
1.8469811970277012
1.8457323913407575
1.8444762699799184
1.8432128379238977
1.841942100180387
1.8406640617860337
1.8393787278064209
1.8380861033360487
1.8367861934983147
1.8354790034454909
1.8341645383587057
1.832842803447922
1.8315138039519177
1.8301775451382638
1.828834032303305
1.8274832707721358
1.8261252658985847
1.8247600230651857
1.8233875476831634
1.8220078451924082
1.8206209210614566
1.8192267807874667
1.8178254298962
1.8164168739419968
1.8150011185077553
1.8135781692049089
1.8121480316734049
1.810710711581682
1.8092662146266456
1.8078145465336495
1.8063557130564691
1.80488971997728
1.8034165731066363
1.801936278283447
1.8004488413749509
1.7989542682766961
1.7974525649125146
1.7959437372345002
1.7944277912229851
1.792904732886513
1.791374568261821
1.7898373034138095
1.788292944435523
1.7867414974481228
1.785182968600865
1.7836173640710742
1.7820446900641203
1.7804649528133938
1.7788781585802804
1.7772843136541365
1.7756834243522646
1.7740754970198875
1.772460538030125
1.7708385537839662
1.7692095507102454
1.767573535265616
1.7659305139345258
1.764280493229192
1.7626234796895723
1.760959479883342
1.7592885004058667
1.757610547880177
1.7559256289569398
1.7542337503144356
1.75253491865853
1.7508291407226455
1.749116423267739
1.747396773082271
1.7456701969821808
1.7439367018108596
1.7421962944391218
1.7404489817651791
1.7386947707146119
1.736933668240345
1.7351656813226155
1.733390816968949
1.7316090822141292
1.7298204841201716
1.7280250297762945
1.7262227262988918
1.7244135808315046
1.7225976005447916
1.7207747926365027
1.7189451643314493
1.7171087228814759
1.7152654755654304
1.713415429689138
1.7115585925853682
1.7096949716138106
1.7078245741610405
1.7059474076404932
1.704063479492434
1.702172797183929
1.7002753682088123
1.698371200087661
1.6964603003677623
1.6945426766230853
1.6926183364542493
1.6906872874884955
1.6887495373796555
1.6868050938081196
1.684853964480811
1.6828961571311503
1.680931679519027
1.67896053943077
1.6769827446791132
1.6749983031031683
1.6730072225683918
1.6710095109665535
1.6690051762157063
1.666994226260155
1.6649766690704222
1.6629525126432212
1.6609217650014196
1.6588844341940114
1.6568405282960819
1.6547900554087787
1.6527330236592763
1.650669441200747
1.6485993162123271
1.646522656899084
1.644439471491985
1.6423497682478638
1.640253555449387
1.6381508414050234
1.6360416344490094
1.633925942941317
1.631803775267619
1.6296751398392582
1.6275400450932114
1.625398499492059
1.6232505115239477
1.6210960897025601
1.6189352425670802
1.6167679786821583
1.614594306637878
1.612414235049723
1.6102277725585394
1.6080349278305073
1.6058357095571019
1.6036301264550592
1.6014181872663436
1.5991999007581126
1.5969752757226812
1.5947443209774876
1.5925070453650578
1.5902634577529717
1.5880135670338271
1.5857573821252036
1.5834949119696295
1.5812261655345443
1.5789511518122639
1.5766698798199454
1.5743823585995507
1.5720885972178107
1.5697886047661898
1.5674823903608497
1.5651699631426133
1.5628513322769275
1.5605265069538292
1.5581954963879059
1.5558583098182617
1.5535149565084794
1.5511654457465842
1.548809786845006
1.5464479891405443
1.5440800619943293
1.5417060147917865
1.5393258569425974
1.5369395978806644
1.5345472470640718
1.5321488139750494
1.5297443081199351
1.5273337390291348
1.5249171162570876
1.5224944493822268
1.5200657480069413
1.5176310217575388
1.5151902802842065
1.512743533260973
1.510290790385671
1.5078320613798981
1.5053673559889775
1.5028966839819209
1.5004200551513884
1.4979374793136513
1.4954489663085513
1.4929545259994632
1.4904541682732542
1.4879479030402467
1.4854357402341762
1.4829176898121552
1.4803937617546314
1.4778639660653485
1.4753283127713077
1.472786811922727
1.470239473593001
1.4676863078786624
1.4651273248993402
1.4625625347977207
1.4599919477395078
1.4574155739133814
1.4548334235309575
1.452245506826748
1.4496518340581197
1.4470524155052547
1.444447261471108
1.4418363822813682
1.4392197882844158
1.4365974898512817
1.4339694973756067
1.4313358212736014
1.4286964719840027
1.426051459968034
1.4234007957093633
1.4207444897140615
1.4180825525105603
1.4154149946496122
1.4127418267042469
1.4100630592697296
1.4073787029635199
1.4046887684252294
1.401993266316579
1.3992922073213578
1.396585602145378
1.3938734615164368
1.3911557961842704
1.388432616920512
1.3857039345186506
1.3829697597939865
1.3802301035835893
1.377484976746256
1.3747343901624642
1.3719783547343345
1.3692168813855816
1.366449981061476
1.363677664728797
1.3608999433757911
1.3581168280121274
1.355328329668855
1.3525344593983588
1.349735228274316
1.3469306473916505
1.3441207278664913
1.3413054808361282
1.3384849174589655
1.3356590489144788
1.3328278864031733
1.329991441146535
1.3271497243869899
1.3243027473878564
1.3214505214333032
1.318593057828304
1.3157303678985905
1.3128624629906116
1.3099893544714842
1.3071110537289503
1.3042275721713328
1.301338921227488
1.298445112346761
1.2955461569989424
1.2926420666742198
1.2897328528831329
1.2868185271565307
1.283899101045522
1.2809745861214323
1.2780449939757559
1.2751103362201117
1.2721706244861961
1.269225870425738
1.2662760857104507
1.2633212820319872
1.2603614711018947
1.2573966646515653
1.2544268744321914
1.2514521122147202
1.248472389789804
1.245487718967756
1.2424981115785028
1.2395035794715379
1.2365041345158725
1.2334997885999919
1.2304905536318054
1.2274764415386015
1.2244574642669988
1.221433633782899
1.218404962071441
1.2153714611369513
1.2123331430028967
1.2092900197118392
1.2062421033253847
1.203189405924137
1.2001319396076506
1.197069716494381
1.1940027487216383
1.1909310484455373
1.1878546278409519
1.184773499101464
1.1816876744393168
1.1785971660853665
1.1755019862890328
1.1724021473182518
1.1692976614594248
1.166188541017374
1.1630747983152887
1.1599564456946798
1.15683349551533
1.1537059601552442
1.1505738520106017
1.1474371834957051
1.1442959670429336
1.1411502151026915
1.1379999401433607
1.1348451546512492
1.131685871130544
1.1285221021032597
1.1253538601091886
1.1221811577058538
1.1190040074684557
1.1158224219898254
1.1126364138803728
1.109445995768036
1.1062511802982347
1.1030519801338161
1.0998484079550064
1.0966404764593616
1.0934281983617156
1.0902115863941308
1.086990653305845
1.0837654118632263
1.0805358748497162
1.0773020550657846
1.0740639653288746
1.0708216184733539
1.0675750273504643
1.064324204828269
1.0610691637916034
1.057809917142023
1.0545464777977518
1.0512788586936332
1.048007072781076
1.0447311330280054
1.0414510524188099
1.0381668439542906
1.0348785206516102
1.0315860955442404
1.0282895816819106
1.0249889921305566
1.0216843399722673
1.0183756383052358
1.0150629002437044
1.011746138917914
1.0084253674740522
1.0051005990742015
1.0017718468962855
0.9984391241340185
0.9951024439968521
0.9917618197099229
0.9884172645140018
0.9850687916654384
0.9817164144361108
0.9783601461133729
0.9749999999999999
0.9716359894141384
0.9682681276892511
0.9648964281740655
0.9615209042325192
0.9581415692437099
0.9547584366018392
0.9513715197161619
0.9479808320109309
0.9445863869253461
0.9411881979134992
0.9377862784443216
0.9343806420015301
0.9309713020835746
0.9275582722035836
0.9241415658893108
0.9207211966830819
0.9172971781417409
0.9138695238365959
0.9104382473533656
0.9070033622921254
0.9035648822672536
0.9001228209073775
0.8966771918553187
0.8932280087680404
0.8897752853165918
0.8863190351860547
0.8828592720754891
0.8793960096978792
0.8759292617800781
0.8724590420627549
0.8689853643003387
0.8655082422609652
0.8620276897264211
0.8585437204920914
0.8550563483669014
0.8515655871732661
0.8480714507470315
0.844573952937423
0.8410731076069877
0.837568928631542
0.8340614299001144
0.8305506253148923
0.8270365287911656
0.823519154257272
0.819998515654542
0.8164746269372429
0.812947502072525
0.8094171550403644
0.8058835998335088
0.802346850457422
0.7988069209302273
0.7952638252826534
0.7917175775579777
0.7881681918119716
0.7846156821128436
0.7810600625411848
0.7775013471899116
0.7739395501642115
0.7703746855814866
0.7668067675712962
0.7632358102753036
0.7596618278472173
0.7560848344527367
0.7525048442694953
0.748921871487004
0.7453359303065964
0.7417470349413708
0.7381551996161347
0.7345604385673485
0.7309627660430692
0.7273621963028924
0.7237587436178984
0.7201524222705932
0.7165432465548538
0.71293123077587
0.7093163892500883
0.705698736305156
0.7020782862798628
0.6984550535240851
0.694829052398729
0.6912002972756732
0.6875688025377116
0.6839345825784974
0.6802976518024845
0.6766580246248721
0.6730157154715464
0.6693707387790238
0.6657231089943939
0.6620728405752616
0.6584199479896903
0.6547644457161446
0.6511063482434327
0.6474456700706488
0.6437824257071165
0.6401166296723297
0.636448296495897
0.6327774407174824
0.6291040768867486
0.6254282195632994
0.6217498833166211
0.618069082726026
0.6143858323805937
0.6107001468791133
0.6070120408300264
0.603321528851368
0.5996286255707096
0.5959333456251004
0.5922357036610097
0.5885357143342693
0.5848333923100143
0.5811287522626258
0.5774218088756728
0.5737125768418533
0.5700010708629367
0.5662873056497054
0.5625712959218961
0.5588530564081423
0.5551326018459148
0.5514099469814642
0.5476851065697623
0.5439580953744433
0.5402289281677448
0.5364976197304513
0.5327641848518329
0.5290286383295884
0.5252909949697864
0.5215512695868061
0.5178094770032796
0.5140656320500318
0.5103197495660222
0.5065718443982872
0.5028219314018788
0.4990700254398082
0.49531614138298574
0.4915602941101616
0.4878024985078684
0.48404276947035846
0.4802811218995501
0.476517570704965
0.47275213080366957
0.4689848171202167
0.46521564458658604
0.46144462814212484
0.4576717827334887
0.4538971233145826
0.45012066484650126
0.44634242229747034
0.44256241064278656
0.4387806448647586
0.434997139952648
0.4312119109026092
0.42742497271763025
0.423636340407474
0.41984602898861745
0.416054053484193
0.41226042892392917
0.40846517034409024
0.4046682927874169
0.4008698113030673
0.39706974094655617
0.39326809677969626
0.3894648938705383
0.38566014729331094
0.3818538721283613
0.3780460834620951
0.3742367963869172
0.37042602600117097
0.36661378740907974
0.3628000957206854
0.35898496605178976
0.35516841352389394
0.3513504532641386
0.34753110040524426
0.343710370085451
0.3398882774484585
0.33606483764336603
0.33224006582461246
0.3284139771519164
0.32458658679021546
0.32075790990960706
0.3169279616852874
0.31309675729749215
0.30926431193143533
0.3054306407772502
0.3015957590299281
0.2977596818892588
0.2939224245597701
0.2900840022506675
0.28624443017577406
0.2824037235534699
0.27856189760663197
0.2747189675625738
0.2708749486529851
0.2670298561138713
0.2631837051854933
0.25933651111230693
0.25548828914290256
0.25163905452994473
0.24778882253011175
0.2439376084040349
0.2400854274162385
0.23623229483507888
0.23237822593268392
0.228523235984893
0.22466734027119592
0.2208105540746726
0.2169528926819324
0.21309437138305357
0.20923500547152282
0.20537481024417423
0.20151380100112914
0.19765199304573533
0.19378940168450615
0.18992604222706005
0.18606192998606008
0.18219708027715284
0.17833150841890788
0.17446522973275708
0.17059825954293392
0.16673061317641266
0.1628623059628477
0.15899335323451258
0.1551237703262396
0.15125357257535865
0.1473827753216366
0.1435113939072166
0.13963944367655695
0.1357669399763708
0.13189389815556468
0.1280203335651782
0.12414626155832295
0.12027169749012168
0.11639665671764743
0.11252115459986275
0.10864520649755877
0.10476882777329424
0.1008920337913347
0.09701483991759166
0.09313726151956159
0.08925931396626502
0.0853810126281857
0.08150237287720961
0.07762341008656401
0.07374413963075663
0.06986457688551456
0.06598473722772345
0.06210463603536649
0.05822428868746353
0.054343710564009974
0.05046291704591601
0.046581923514945486
0.04270074535365508
0.03881939794533322
0.034937896673939164
0.03105625692404203
0.027174494080759767
0.023292623529698256
0.019410660656890264
0.015528620848734482
0.011646519491934536
0.007764371973438008
0.003882193680375445
-6.271678333738883e-16
-0.003882193680376701
-0.007764371973439262
-0.01164651949193579
-0.015528620848735734
-0.019410660656891524
-0.023292623529699512
-0.027174494080761023
-0.03105625692404328
-0.03493789667394043
-0.038819397945334476
-0.04270074535365634
-0.04658192351494675
-0.05046291704591726
-0.05434371056401123
-0.05822428868746478
-0.062104636035367755
-0.0659847372277247
-0.06986457688551583
-0.07374413963075788
-0.07762341008656527
-0.08150237287721086
-0.08538101262818697
-0.08925931396626627
-0.09313726151956281
-0.09701483991759291
-0.10089203379133595
-0.10476882777329549
-0.10864520649756002
-0.11252115459986403
-0.11639665671764868
-0.12027169749012293
-0.12414626155832417
-0.12802033356517944
-0.13189389815556596
-0.13576693997637204
-0.13963944367655823
-0.14351139390721782
-0.14738277532163785
-0.1512535725753599
-0.15512377032624086
-0.15899335323451386
-0.16286230596284895
-0.1667306131764139
-0.17059825954293428
-0.17446522973275744
-0.17833150841890824
-0.18219708027715323
-0.18606192998606053
-0.1899260422270605
-0.1937894016845065
-0.19765199304573572
-0.20151380100112953
-0.20537481024417464
-0.20923500547152316
-0.21309437138305393
-0.2169528926819328
-0.22081055407467298
-0.22466734027119634
-0.22852323598489338
-0.23237822593268428
-0.23623229483507924
-0.2400854274162389
-0.24393760840403536
-0.2477888225301121
-0.25163905452994506
-0.2554882891429029
-0.25933651111230727
-0.26318370518549367
-0.2670298561138717
-0.27087494865298545
-0.2747189675625742
-0.2785618976066323
-0.28240372355347027
-0.28624443017577444
-0.2900840022506679
-0.2939224245597705
-0.2977596818892591
-0.30159575902992847
-0.3054306407772506
-0.3092643119314357
-0.31309675729749253
-0.3169279616852878
-0.3207579099096074
-0.3245865867902159
-0.3284139771519168
-0.33224006582461285
-0.33606483764336637
-0.33988827744845884
-0.34371037008545147
-0.34753110040524465
-0.351350453264139
-0.35516841352389433
-0.35898496605179014
-0.3628000957206858
-0.3666137874090801
-0.37042602600117136
-0.3742367963869176
-0.3780460834620955
-0.38185387212836164
-0.3856601472933113
-0.38946489387053873
-0.39326809677969676
-0.3970697409465565
-0.40086981130306765
-0.4046682927874172
-0.4084651703440906
-0.41226042892392956
-0.41605405348419333
-0.4198460289886178
-0.42363634040747433
-0.4274249727176307
-0.4312119109026096
-0.4349971399526483
-0.43878064486475893
-0.4425624106427869
-0.4463424222974707
-0.4501206648465016
-0.45389712331458293
-0.457671782733489
-0.4614446281421253
-0.46521564458658643
-0.4689848171202171
-0.4727521308036699
-0.4765175707049653
-0.48028112189955063
-0.48404276947035885
-0.4878024985078687
-0.49156029411016294
-0.4953161413829871
-0.4990700254398096
-0.50282193140188
-0.5065718443982883
-0.5103197495660234
-0.514065632050033
-0.5178094770032808
-0.5215512695868074
-0.5252909949697874
-0.5290286383295895
-0.5327641848518341
-0.5364976197304525
-0.540228928167746
-0.5439580953744444
-0.5476851065697637
-0.5514099469814655
-0.555132601845916
-0.5588530564081435
-0.5625712959218974
-0.5662873056497065
-0.5700010708629379
-0.5737125768418545
-0.5774218088756741
-0.5811287522626271
-0.5848333923100155
-0.5885357143342707
-0.592235703661011
-0.5959333456251015
-0.5996286255707108
-0.6033215288513692
-0.6070120408300275
-0.6107001468791144
-0.6143858323805949
-0.6180690827260272
-0.6217498833166223
-0.6254282195633005
-0.62910407688675
-0.6327774407174838
-0.6364482964958982
-0.640116629672331
-0.6437824257071176
-0.6474456700706501
-0.6511063482434339
-0.6547644457161459
-0.6584199479896914
-0.6620728405752627
-0.6657231089943951
-0.669370738779025
-0.6730157154715477
-0.6766580246248732
-0.6802976518024857
-0.6839345825784986
-0.6875688025377128
-0.6912002972756744
-0.6948290523987304
-0.6984550535240863
-0.7020782862798638
-0.7056987363051572
-0.7093163892500897
-0.7129312307758711
-0.7165432465548549
-0.7201524222705943
-0.7237587436178995
-0.7273621963028936
-0.7309627660430703
-0.7345604385673499
-0.7381551996161358
-0.7417470349413718
-0.7453359303065976
-0.7489218714870052
-0.7525048442694963
-0.7560848344527378
-0.7596618278472186
-0.7632358102753047
-0.7668067675712975
-0.7703746855814877
-0.7739395501642128
-0.7775013471899129
-0.7810600625411859
-0.7846156821128448
-0.7881681918119727
-0.7917175775579789
-0.7952638252826545
-0.7988069209302285
-0.8023468504574229
-0.8058835998335101
-0.8094171550403648
-0.8129475020725254
-0.8164746269372434
-0.8199985156545422
-0.8235191542572724
-0.8270365287911658
-0.8305506253148927
-0.8340614299001148
-0.8375689286315424
-0.841073107606988
-0.8445739529374234
-0.8480714507470319
-0.8515655871732664
-0.8550563483669018
-0.8585437204920916
-0.8620276897264214
-0.8655082422609653
-0.8689853643003391
-0.8724590420627554
-0.8759292617800782
-0.8793960096978795
-0.8828592720754895
-0.886319035186055
-0.8897752853165923
-0.8932280087680408
-0.8966771918553192
-0.9001228209073777
-0.903564882267254
-0.9070033622921256
-0.9104382473533659
-0.9138695238365961
-0.9172971781417412
-0.9207211966830822
-0.9241415658893111
-0.9275582722035839
-0.930971302083575
-0.9343806420015305
-0.9377862784443219
-0.9411881979134997
-0.9445863869253466
-0.9479808320109313
-0.9513715197161622
-0.9547584366018393
-0.9581415692437103
-0.9615209042325197
-0.9648964281740656
-0.9682681276892516
-0.9716359894141389
-0.9750000000000002
-0.978360146113373
-0.981716414436111
-0.9850687916654385
-0.9884172645140021
-0.9917618197099235
-0.9951024439968523
-0.9984391241340189
-1.001771846896286
-1.0051005990742021
-1.0084253674740529
-1.0117461389179143
-1.0150629002437048
-1.018375638305236
-1.0216843399722677
-1.0249889921305568
-1.0282895816819113
-1.0315860955442406
-1.034878520651611
-1.0381668439542908
-1.04145105241881
-1.0447311330280058
-1.0480070727810764
-1.0512788586936332
-1.0545464777977522
-1.0578099171420234
-1.061069163791604
-1.0643242048282695
-1.0675750273504647
-1.0708216184733546
-1.0740639653288748
-1.077302055065785
-1.0805358748497167
-1.0837654118632267
-1.0869906533058455
-1.090211586394131
-1.0934281983617165
-1.0966404764593627
-1.0998484079550077
-1.1030519801338168
-1.1062511802982358
-1.1094459957680372
-1.1126364138803737
-1.1158224219898267
-1.1190040074684569
-1.122181157705855
-1.1253538601091897
-1.1285221021032605
-1.131685871130545
-1.1348451546512506
-1.1379999401433616
-1.1411502151026929
-1.1442959670429347
-1.1474371834957062
-1.1505738520106026
-1.153705960155245
-1.156833495515331
-1.1599564456946811
-1.1630747983152896
-1.166188541017375
-1.1692976614594257
-1.1724021473182524
-1.175501986289034
-1.1785971660853674
-1.1816876744393177
-1.184773499101465
-1.1878546278409527
-1.1909310484455384
-1.1940027487216391
-1.197069716494382
-1.2001319396076515
-1.203189405924138
-1.2062421033253856
-1.2092900197118401
-1.2123331430028979
-1.2153714611369522
-1.218404962071442
-1.2214336337829002
-1.2244574642669996
-1.2274764415386024
-1.2304905536318063
-1.2334997885999928
-1.2365041345158734
-1.2395035794715388
-1.242498111578504
-1.245487718967757
-1.2484723897898047
-1.251452112214721
-1.2544268744321927
-1.2573966646515662
-1.2603614711018956
-1.2633212820319883
-1.2662760857104514
-1.2692258704257386
-1.272170624486197
-1.2751103362201124
-1.2780449939757568
-1.280974586121433
-1.2838991010455232
-1.2868185271565318
-1.2897328528831338
-1.2926420666742202
-1.2955461569989435
-1.2984451123467622
-1.3013389212274886
-1.3042275721713337
-1.3071110537289512
-1.3099893544714851
-1.3128624629906123
-1.3157303678985917
-1.3185930578283047
-1.321450521433304
-1.3243027473878575
-1.3271497243869905
-1.329991441146536
-1.332827886403174
-1.3356590489144797
-1.3384849174589661
-1.341305480836129
-1.3441207278664922
-1.3469306473916514
-1.3497352282743167
-1.3525344593983593
-1.3553283296688554
-1.3581168280121276
-1.3608999433757913
-1.3636776647287974
-1.366449981061476
-1.369216881385582
-1.3719783547343347
-1.3747343901624647
-1.377484976746256
-1.38023010358359
-1.3829697597939867
-1.3857039345186508
-1.3884326169205121
-1.3911557961842704
-1.3938734615164372
-1.3965856021453784
-1.3992922073213578
-1.4019932663165795
-1.4046887684252298
-1.4073787029635203
-1.4100630592697299
-1.412741826704247
-1.4154149946496122
-1.418082552510561
-1.4207444897140618
-1.4234007957093637
-1.4260514599680345
-1.4286964719840032
-1.4313358212736016
-1.4339694973756067
-1.4365974898512817
-1.439219788284416
-1.4418363822813687
-1.444447261471108
-1.447052415505255
-1.4496518340581201
-1.4522455068267481
-1.4548334235309577
-1.4574155739133818
-1.4599919477395082
-1.462562534797721
-1.4651273248993404
-1.4676863078786626
-1.470239473593001
-1.472786811922727
-1.4753283127713082
-1.4778639660653488
-1.480393761754632
-1.4829176898121554
-1.4854357402341771
-1.487947903040247
-1.490454168273255
-1.4929545259994637
-1.4954489663085522
-1.4979374793136517
-1.5004200551513889
-1.5028966839819209
-1.5053673559889784
-1.5078320613798986
-1.510290790385672
-1.5127435332609733
-1.515190280284207
-1.517631021757539
-1.5200657480069424
-1.5224944493822268
-1.5249171162570883
-1.5273337390291353
-1.5297443081199358
-1.5321488139750503
-1.5345472470640726
-1.5369395978806644
-1.539325856942598
-1.5417060147917867
-1.5440800619943302
-1.5464479891405447
-1.5488097868450068
-1.5511654457465844
-1.5535149565084803
-1.555858309818262
-1.5581954963879068
-1.5605265069538294
-1.5628513322769284
-1.5651699631426135
-1.5674823903608508
-1.5697886047661904
-1.572088597217811
-1.574382358599551
-1.5766698798199454
-1.578951151812265
-1.5812261655345443
-1.5834949119696304
-1.585757382125204
-1.5880135670338276
-1.5902634577529722
-1.5925070453650587
-1.594744320977488
-1.5969752757226818
-1.5991999007581126
-1.6014181872663444
-1.6036301264550592
-1.6058357095571028
-1.608034927830508
-1.61022777255854
-1.612414235049723
-1.614594306637879
-1.6167679786821585
-1.618935242567081
-1.6210960897025606
-1.6232505115239482
-1.6253984994920594
-1.6275400450932125
-1.6296751398392586
-1.6318037752676195
-1.633925942941317
-1.6360416344490103
-1.6381508414050239
-1.6402535554493873
-1.6423497682478638
-1.6444394714919857
-1.6465226568990845
-1.6485993162123278
-1.6506694412007472
-1.652733023659277
-1.6547900554087787
-1.6568405282960825
-1.6588844341940117
-1.6609217650014205
-1.6629525126432212
-1.6649766690704233
-1.666994226260155
-1.6690051762157072
-1.6710095109665535
-1.6730072225683927
-1.6749983031031688
-1.6769827446791137
-1.67896053943077
-1.6809316795190279
-1.6828961571311503
-1.6848539644808116
-1.68680509380812
-1.688749537379656
-1.6906872874884957
-1.6926183364542502
-1.6945426766230853
-1.6964603003677627
-1.698371200087661
-1.7002753682088128
-1.702172797183929
-1.7040634794924348
-1.7059474076404935
-1.707824574161041
-1.7096949716138108
-1.7115585925853694
-1.713415429689138
-1.715265475565431
-1.7171087228814759
-1.71894516433145
-1.7207747926365027
-1.7225976005447923
-1.7244135808315046
-1.7262227262988925
-1.728025029776295
-1.729820484120172
-1.7316090822141292
-1.7333908169689498
-1.735165681322616
-1.7369336682403456
-1.7386947707146119
-1.7404489817651791
-1.7421962944391218
-1.7439367018108602
-1.7456701969821813
-1.7473967730822717
-1.7491164232677394
-1.750829140722646
-1.75253491865853
-1.7542337503144365
-1.7559256289569398
-1.7576105478801773
-1.7592885004058667
-1.7609594798833426
-1.7626234796895723
-1.7642804932291924
-1.7659305139345258
-1.7675735352656163
-1.7692095507102454
-1.7708385537839668
-1.772460538030125
-1.7740754970198886
-1.7756834243522646
-1.7772843136541367
-1.7788781585802804
-1.7804649528133942
-1.7820446900641205
-1.7836173640710746
-1.7851829686008651
-1.7867414974481235
-1.788292944435523
-1.78983730341381
-1.791374568261821
-1.7929047328865138
-1.7944277912229851
-1.7959437372345008
-1.7974525649125146
-1.7989542682766961
-1.8004488413749509
-1.8019362782834478
-1.803416573106637
-1.8048897199772802
-1.8063557130564691
-1.80781454653365
-1.8092662146266458
-1.810710711581682
-1.8121480316734053
-1.8135781692049093
-1.8150011185077557
-1.8164168739419975
-1.8178254298962
-1.8192267807874676
-1.8206209210614568
-1.8220078451924089
-1.8233875476831634
-1.8247600230651861
-1.8261252658985847
-1.827483270772137
-1.8288340323033052
-1.8301775451382643
-1.8315138039519177
-1.8328428034479223
-1.8341645383587057
-1.8354790034454918
-1.8367861934983152
-1.8380861033360496
-1.8393787278064213
-1.8406640617860348
-1.841942100180388
-1.8432128379238986
-1.8444762699799184
-1.8457323913407582
-1.8469811970277012
-1.8482226820910324
-1.8494568416100465
-1.8506836706930785
-1.851903164477514
-1.8531153181298157
-1.8543201268455372
-1.8555175858493453
-1.8567076903950375
-1.8578904357655621
-1.8590658172730334
-1.860233830258756
-1.8613944700932374
-1.862547732176211
-1.863693611936651
-1.8648321048327934
-1.8659632063521505
-1.8670869120115319
-1.8682032173570622
-1.8693121179641952
-1.8704136094377355
-1.8715076874118541
-1.8725943475501063
-1.873673585545446
-1.874745397120249
-1.8758097780263225
-1.8768667240449286
-1.8779162309867954
-1.878958294692139
-1.8799929110306746
-1.8810200759016373
-1.8820397852337953
-1.8830520349854696
-1.8840568211445439
-1.8850541397284877
-1.886043986784367
-1.8870263583888627
-1.8880012506482835
-1.8889686596985844
-1.8899285817053801
-1.8908810128639613
-1.891825949399307
-1.8927633875661054
-1.89369332364876
-1.894615753961414
-1.8955306748479568
-1.8964380826820442
-1.8973379738671083
-1.8982303448363762
-1.8991151920528795
-1.899992512009473
-1.9008623012288441
-1.9017245562635303
-1.9025792736959302
-1.9034264501383196
-1.9042660822328608
-1.9050981666516222
-1.9059227000965855
-1.906739679299661
-1.9075491010227017
-1.9083509620575154
-1.9091452592258755
-1.9099319893795372
-1.9107111494002464
-1.9114827361997548
-1.912246746719831
-1.9130031779322718
-1.9137520268389154
-1.9144932904716536
-1.9152269658924421
-1.9159530501933137
-1.9166715404963872
-1.9173824339538843
-1.918085727748133
-1.918781419091586
-1.9194695052268278
-1.9201499834265867
-1.920822850993745
-1.9214881052613513
-1.9221457435926288
-1.9227957633809885
-1.9234381620500356
-1.9240729370535854
-1.9247000858756662
-1.9253196060305355
-1.9259314950626876
-1.9265357505468628
-1.9271323700880556
-1.9277213513215306
-1.928302691912822
-1.9288763895577514
-1.9294424419824332
-1.9300008469432837
-1.9305516022270304
-1.9310947056507208
-1.9316301550617307
-1.932157948337774
-1.9326780833869093
-1.9331905581475493
-1.933695370588469
-1.934192518708813
-1.9346820005381042
-1.9351638141362513
-1.9356379575935558
-1.936104429030722
-1.9365632265988615
-1.9370143484795013
-1.9374577928845924
-1.9378935580565155
-1.9383216422680891
-1.938742043822574
-1.939154761053684
-1.9395597923255878
-1.9399571360329197
-1.9403467906007839
-1.9407287544847593
-1.9411030261709095
-1.9414696041757855
-1.9418284870464326
-1.9421796733603964
-1.9425231617257288
-1.942858950780992
-1.9431870391952661
-1.9435074256681517
-1.9438201089297777
-1.9441250877408045
-1.9444223608924305
-1.9447119272063942
-1.9449937855349826
-1.9452679347610324
-1.945534373797937
-1.945793101589648
-1.9460441171106817
-1.9462874193661235
-1.94652300739163
-1.9467508802534326
-1.946971037048344
-1.9471834769037586
-1.947388198977658
-1.9475852024586149
-1.9477744865657927
-1.9479560505489526
-1.948129893688454
-1.948296015295259
-1.948454414710935
-1.9486050913076562
-1.9487480444882064
-1.9488832736859818
-1.949010778364993
-1.949130558019867
-1.9492426121758513
-1.9493469403888104
-1.9494435422452345
-1.949532417362236
-1.9496135653875521
-1.949686985999548
-1.9497526789072164
-1.9498106438501803
-1.9498608805986914
-1.9499033889536332
-1.9499381687465216
-1.9499652198395037
-1.949984542125362
-1.9499961355275115
-1.9500000000000002
-1.9499961355275115
-1.949984542125362
-1.9499652198395037
-1.9499381687465216
-1.9499033889536332
-1.9498608805986914
-1.9498106438501803
-1.9497526789072164
-1.949686985999548
-1.9496135653875521
-1.949532417362236
-1.9494435422452345
-1.9493469403888104
-1.9492426121758508
-1.949130558019867
-1.949010778364993
-1.9488832736859818
-1.9487480444882064
-1.9486050913076562
-1.948454414710935
-1.948296015295259
-1.9481298936884537
-1.9479560505489526
-1.9477744865657927
-1.9475852024586149
-1.947388198977658
-1.9471834769037586
-1.946971037048344
-1.9467508802534326
-1.94652300739163
-1.9462874193661235
-1.9460441171106817
-1.9457931015896472
-1.945534373797937
-1.9452679347610324
-1.9449937855349826
-1.9447119272063942
-1.9444223608924305
-1.9441250877408045
-1.9438201089297777
-1.9435074256681513
-1.9431870391952661
-1.942858950780992
-1.9425231617257288
-1.9421796733603964
-1.9418284870464324
-1.9414696041757855
-1.9411030261709095
-1.9407287544847591
-1.9403467906007839
-1.9399571360329197
-1.9395597923255878
-1.9391547610536835
-1.938742043822574
-1.9383216422680891
-1.9378935580565155
-1.9374577928845924
-1.9370143484795013
-1.9365632265988615
-1.936104429030722
-1.9356379575935558
-1.9351638141362513
-1.9346820005381038
-1.934192518708813
-1.9336953705884687
-1.9331905581475493
-1.9326780833869093
-1.9321579483377738
-1.9316301550617303
-1.9310947056507204
-1.93055160222703
-1.9300008469432837
-1.9294424419824332
-1.9288763895577514
-1.9283026919128217
-1.9277213513215303
-1.9271323700880556
-1.9265357505468623
-1.9259314950626876
-1.9253196060305355
-1.9247000858756658
-1.9240729370535854
-1.9234381620500356
-1.9227957633809885
-1.9221457435926288
-1.9214881052613513
-1.9208228509937446
-1.9201499834265863
-1.9194695052268278
-1.918781419091586
-1.9180857277481325
-1.9173824339538839
-1.9166715404963872
-1.9159530501933137
-1.9152269658924421
-1.9144932904716536
-1.9137520268389152
-1.9130031779322718
-1.912246746719831
-1.9114827361997546
-1.910711149400246
-1.9099319893795368
-1.9091452592258753
-1.908350962057515
-1.9075491010227015
-1.906739679299661
-1.9059227000965855
-1.9050981666516222
-1.9042660822328608
-1.9034264501383187
-1.90257927369593
-1.90172455626353
-1.9008623012288437
-1.899992512009473
-1.8991151920528795
-1.8982303448363758
-1.8973379738671081
-1.8964380826820437
-1.8955306748479566
-1.894615753961414
-1.89369332364876
-1.8927633875661047
-1.891825949399307
-1.8908810128639608
-1.8899285817053797
-1.888968659698584
-1.8880012506482828
-1.8870263583888622
-1.8860439867843666
-1.8850541397284877
-1.8840568211445436
-1.8830520349854694
-1.8820397852337953
-1.8810200759016373
-1.879992911030674
-1.8789582946921386
-1.8779162309867954
-1.8768667240449284
-1.8758097780263223
-1.8747453971202486
-1.8736735855454458
-1.8725943475501061
-1.8715076874118541
-1.8704136094377353
-1.8693121179641943
-1.868203217357062
-1.8670869120115317
-1.8659632063521499
-1.8648321048327925
-1.863693611936651
-1.8625477321762103
-1.861394470093237
-1.860233830258755
-1.859065817273033
-1.8578904357655612
-1.8567076903950372
-1.8555175858493445
-1.8543201268455365
-1.8531153181298148
-1.8519031644775135
-1.8506836706930774
-1.8494568416100463
-1.8482226820910315
-1.8469811970277012
-1.845732391340757
-1.8444762699799184
-1.8432128379238977
-1.841942100180387
-1.8406640617860337
-1.8393787278064209
-1.8380861033360487
-1.8367861934983147
-1.8354790034454906
-1.8341645383587057
-1.8328428034479214
-1.8315138039519172
-1.8301775451382636
-1.8288340323033045
-1.8274832707721358
-1.826125265898584
-1.824760023065185
-1.8233875476831631
-1.8220078451924078
-1.8206209210614563
-1.8192267807874665
-1.8178254298962
-1.8164168739419964
-1.8150011185077553
-1.813578169204908
-1.8121480316734049
-1.8107107115816814
-1.8092662146266456
-1.80781454653365
-1.8063557130564685
-1.80488971997728
-1.8034165731066363
-1.801936278283447
-1.8004488413749509
-1.7989542682766961
-1.7974525649125146
-1.7959437372345008
-1.7944277912229847
-1.7929047328865133
-1.791374568261821
-1.7898373034138095
-1.788292944435523
-1.7867414974481228
-1.7851829686008647
-1.7836173640710742
-1.7820446900641203
-1.7804649528133938
-1.7788781585802802
-1.7772843136541365
-1.7756834243522643
-1.7740754970198878
-1.772460538030125
-1.7708385537839662
-1.769209550710245
-1.767573535265616
-1.7659305139345258
-1.764280493229192
-1.7626234796895721
-1.7609594798833421
-1.7592885004058665
-1.757610547880177
-1.7559256289569394
-1.7542337503144358
-1.7525349186585295
-1.7508291407226455
-1.7491164232677385
-1.7473967730822713
-1.7456701969821806
-1.7439367018108596
-1.7421962944391212
-1.7404489817651791
-1.7386947707146116
-1.736933668240345
-1.735165681322615
-1.7333908169689494
-1.731609082214129
-1.7298204841201716
-1.728025029776294
-1.726222726298892
-1.724413580831504
-1.7225976005447916
-1.7207747926365025
-1.7189451643314493
-1.7171087228814752
-1.7152654755654304
-1.7134154296891375
-1.7115585925853685
-1.7096949716138106
-1.7078245741610405
-1.7059474076404932
-1.7040634794924348
-1.7021727971839282
-1.7002753682088123
-1.69837120008766
-1.6964603003677623
-1.6945426766230847
-1.6926183364542498
-1.6906872874884955
-1.6887495373796555
-1.6868050938081194
-1.684853964480811
-1.68289615713115
-1.680931679519027
-1.6789605394307694
-1.6769827446791132
-1.6749983031031679
-1.6730072225683918
-1.6710095109665533
-1.6690051762157063
-1.6669942262601545
-1.6649766690704224
-1.662952512643221
-1.66092176500142
-1.6588844341940114
-1.6568405282960825
-1.6547900554087782
-1.6527330236592763
-1.650669441200747
-1.6485993162123271
-1.646522656899084
-1.6444394714919857
-1.6423497682478634
-1.6402535554493871
-1.638150841405023
-1.6360416344490099
-1.6339259429413164
-1.631803775267619
-1.6296751398392582
-1.6275400450932116
-1.6253984994920585
-1.6232505115239477
-1.6210960897025595
-1.6189352425670802
-1.6167679786821583
-1.6145943066378783
-1.6124142350497221
-1.6102277725585394
-1.6080349278305073
-1.6058357095571019
-1.6036301264550585
-1.6014181872663438
-1.5991999007581121
-1.5969752757226812
-1.594744320977487
-1.5925070453650583
-1.5902634577529713
-1.5880135670338273
-1.5857573821252033
-1.5834949119696298
-1.581226165534544
-1.578951151812264
-1.5766698798199452
-1.5743823585995507
-1.5720885972178102
-1.5697886047661898
-1.5674823903608495
-1.5651699631426133
-1.5628513322769269
-1.560526506953829
-1.558195496387905
-1.5558583098182615
-1.5535149565084785
-1.5511654457465838
-1.548809786845005
-1.5464479891405438
-1.5440800619943287
-1.541706014791786
-1.539325856942596
-1.536939597880664
-1.5345472470640709
-1.5321488139750494
-1.529744308119934
-1.5273337390291342
-1.5249171162570865
-1.5224944493822261
-1.5200657480069406
-1.5176310217575386
-1.5151902802842054
-1.5127435332609722
-1.5102907903856702
-1.5078320613798974
-1.5053673559889764
-1.5028966839819202
-1.500420055151387
-1.497937479313651
-1.4954489663085504
-1.4929545259994628
-1.4904541682732535
-1.4879479030402463
-1.4854357402341754
-1.4829176898121548
-1.48039376175463
-1.4778639660653479
-1.4753283127713066
-1.4727868119227265
-1.470239473593
-1.4676863078786617
-1.4651273248993388
-1.4625625347977205
-1.4599919477395078
-1.4574155739133807
-1.4548334235309577
-1.4522455068267475
-1.4496518340581197
-1.447052415505254
-1.444447261471108
-1.4418363822813678
-1.439219788284416
-1.4365974898512812
-1.4339694973756067
-1.431335821273601
-1.4286964719840032
-1.4260514599680338
-1.4234007957093637
-1.4207444897140613
-1.418082552510561
-1.4154149946496117
-1.4127418267042469
-1.410063059269729
-1.4073787029635203
-1.4046887684252292
-1.4019932663165793
-1.399292207321357
-1.3965856021453784
-1.3938734615164365
-1.3911557961842704
-1.3884326169205115
-1.3857039345186506
-1.382969759793986
-1.3802301035835898
-1.3774849767462554
-1.3747343901624647
-1.3719783547343338
-1.369216881385582
-1.3664499810614754
-1.3636776647287974
-1.3608999433757905
-1.3581168280121274
-1.3553283296688543
-1.3525344593983593
-1.3497352282743154
-1.346930647391651
-1.3441207278664913
-1.3413054808361282
-1.3384849174589646
-1.3356590489144793
-1.3328278864031726
-1.3299914411465352
-1.3271497243869894
-1.3243027473878564
-1.3214505214333028
-1.318593057828304
-1.3157303678985905
-1.3128624629906116
-1.3099893544714838
-1.3071110537289508
-1.3042275721713323
-1.301338921227488
-1.2984451123467609
-1.2955461569989426
-1.2926420666742189
-1.289732852883133
-1.2868185271565302
-1.2838991010455225
-1.2809745861214317
-1.2780449939757559
-1.2751103362201113
-1.2721706244861963
-1.2692258704257373
-1.2662760857104507
-1.2633212820319868
-1.260361471101895
-1.2573966646515646
-1.2544268744321916
-1.2514521122147195
-1.2484723897898042
-1.2454877189677556
-1.2424981115785034
-1.2395035794715374
-1.2365041345158727
-1.2334997885999912
-1.2304905536318056
-1.2274764415386008
-1.2244574642669988
-1.2214336337828986
-1.218404962071441
-1.2153714611369504
-1.212333143002897
-1.2092900197118386
-1.2062421033253847
-1.2031894059241366
-1.2001319396076506
-1.1970697164943804
-1.1940027487216383
-1.1909310484455369
-1.1878546278409523
-1.1847734991014636
-1.1816876744393168
-1.1785971660853658
-1.175501986289033
-1.1724021473182509
-1.1692976614594253
-1.1661885410173736
-1.163074798315289
-1.1599564456946796
-1.1568334955153303
-1.1537059601552437
-1.1505738520106017
-1.1474371834957047
-1.1442959670429338
-1.1411502151026913
-1.1379999401433611
-1.134845154651249
-1.1316858711305444
-1.128522102103259
-1.1253538601091888
-1.1221811577058531
-1.119004007468456
-1.1158224219898252
-1.1126364138803728
-1.1094459957680356
-1.1062511802982349
-1.1030519801338152
-1.0998484079550064
-1.0966404764593611
-1.0934281983617162
-1.0902115863941297
-1.0869906533058449
-1.083765411863225
-1.080535874849716
-1.0773020550657835
-1.074063965328874
-1.070821618473353
-1.0675750273504638
-1.064324204828268
-1.0610691637916032
-1.0578099171420219
-1.0545464777977513
-1.0512788586936317
-1.0480070727810755
-1.0447311330280042
-1.041451052418809
-1.0381668439542895
-1.0348785206516098
-1.031586095544239
-1.0282895816819102
-1.0249889921305553
-1.0216843399722666
-1.0183756383052347
-1.015062900243704
-1.0117461389179125
-1.008425367474052
-1.0051005990742006
-1.0017718468962848
-0.9984391241340169
-0.9951024439968514
-0.991761819709922
-0.9884172645140012
-0.985068791665437
-0.9817164144361101
-0.9783601461133715
-0.9749999999999994
-0.9716359894141373
-0.9682681276892509
-0.9648964281740642
-0.9615209042325187
-0.9581415692437085
-0.9547584366018387
-0.9513715197161605
-0.9479808320109305
-0.9445863869253461
-0.9411881979134988
-0.9377862784443218
-0.9343806420015297
-0.9309713020835748
-0.9275582722035829
-0.924141565889311
-0.9207211966830813
-0.9172971781417409
-0.9138695238365953
-0.9104382473533658
-0.9070033622921247
-0.9035648822672537
-0.9001228209073769
-0.8966771918553189
-0.89322800876804
-0.8897752853165921
-0.8863190351860541
-0.8828592720754894
-0.8793960096978786
-0.8759292617800782
-0.8724590420627544
-0.8689853643003389
-0.8655082422609646
-0.8620276897264214
-0.8585437204920907
-0.8550563483669018
-0.8515655871732655
-0.8480714507470318
-0.8445739529374223
-0.841073107606988
-0.8375689286315413
-0.8340614299001148
-0.8305506253148918
-0.8270365287911658
-0.8235191542572715
-0.8199985156545421
-0.8164746269372423
-0.8129475020725252
-0.8094171550403639
-0.8058835998335092
-0.8023468504574214
-0.7988069209302275
-0.7952638252826529
-0.7917175775579781
-0.7881681918119712
-0.7846156821128438
-0.7810600625411842
-0.7775013471899117
-0.7739395501642112
-0.7703746855814868
-0.7668067675712957
-0.763235810275304
-0.7596618278472167
-0.7560848344527369
-0.7525048442694944
-0.7489218714870043
-0.7453359303065957
-0.7417470349413711
-0.7381551996161342
-0.7345604385673489
-0.7309627660430685
-0.7273621963028927
-0.7237587436178978
-0.7201524222705935
-0.7165432465548531
-0.7129312307758701
-0.7093163892500878
-0.7056987363051561
-0.7020782862798621
-0.6984550535240854
-0.6948290523987286
-0.6912002972756734
-0.6875688025377111
-0.6839345825784975
-0.6802976518024838
-0.6766580246248725
-0.6730157154715459
-0.6693707387790242
-0.6657231089943932
-0.6620728405752618
-0.6584199479896897
-0.6547644457161448
-0.651106348243432
-0.6474456700706491
-0.6437824257071159
-0.6401166296723301
-0.6364482964958964
-0.6327774407174827
-0.629104076886748
-0.6254282195632996
-0.6217498833166206
-0.6180690827260262
-0.614385832380593
-0.6107001468791136
-0.6070120408300258
-0.6033215288513682
-0.5996286255707088
-0.5959333456251006
-0.5922357036610092
-0.5885357143342695
-0.5848333923100137
-0.5811287522626262
-0.5774218088756723
-0.5737125768418536
-0.5700010708629362
-0.5662873056497055
-0.5625712959218956
-0.5588530564081424
-0.5551326018459142
-0.5514099469814646
-0.5476851065697617
-0.5439580953744434
-0.5402289281677444
-0.5364976197304516
-0.5327641848518322
-0.5290286383295885
-0.5252909949697857
-0.5215512695868064
-0.517809477003279
-0.5140656320500319
-0.5103197495660217
-0.5065718443982873
-0.5028219314018783
-0.49907002543980855
-0.4953161413829852
-0.4915602941101619
-0.48780249850786694
-0.48404276947035785
-0.4802811218995487
-0.47651757070496426
-0.47275213080366807
-0.46898481712021606
-0.4652156445865846
-0.46144462814212417
-0.4576717827334873
-0.453897123314582
-0.4501206648464998
-0.4463424222974698
-0.4425624106427851
-0.438780644864758
-0.4349971399526466
-0.4312119109026086
-0.42742497271762886
-0.4236363404074734
-0.4198460289886159
-0.41605405348419244
-0.41226042892392767
-0.4084651703440896
-0.40466829278741545
-0.40086981130306665
-0.39706974094655456
-0.39326809677969565
-0.38946489387053684
-0.3856601472933103
-0.38185387212835975
-0.3780460834620945
-0.37423679638691565
-0.3704260260011704
-0.36661378740907835
-0.36280009572068483
-0.3589849660517882
-0.3551684135238933
-0.3513504532641371
-0.3475311004052437
-0.3437103700854495
-0.33988827744845784
-0.3360648376433645
-0.33224006582461185
-0.32841397715191484
-0.32458658679021485
-0.3207579099096073
-0.3169279616852868
-0.3130967572974923
-0.3092643119314348
-0.3054306407772504
-0.3015957590299274
-0.29775968188925905
-0.29392242455976947
-0.2900840022506678
-0.2862444301757735
-0.28240372355347004
-0.27856189760663136
-0.2747189675625741
-0.2708749486529845
-0.26702985611387153
-0.2631837051854927
-0.25933651111230716
-0.2554882891429019
-0.25163905452994495
-0.2477888225301111
-0.2439376084040352
-0.2400854274162379
-0.23623229483507907
-0.23237822593268329
-0.22852323598489324
-0.22466734027119528
-0.22081055407467282
-0.2169528926819318
-0.21309437138305387
-0.20923500547152216
-0.20537481024417442
-0.2015138010011286
-0.19765199304573558
-0.1937894016845055
-0.18992604222706033
-0.18606192998605947
-0.1821970802771531
-0.17833150841890721
-0.17446522973275727
-0.17059825954293328
-0.1667306131764129
-0.16286230596284706
-0.15899335323451286
-0.15512377032623897
-0.15125357257535887
-0.14738277532163602
-0.1435113939072168
-0.13963944367655634
-0.13576693997637104
-0.13189389815556402
-0.12802033356517845
-0.12414626155832231
-0.1202716974901219
-0.11639665671764682
-0.112521154599863
-0.10864520649755816
-0.10476882777329447
-0.10089203379133407
-0.09701483991759188
-0.09313726151956096
-0.08925931396626526
-0.0853810126281851
-0.08150237287720985
-0.07762341008656341
-0.07374413963075688
-0.06986457688551394
-0.06598473722772369
-0.06210463603536588
-0.058224288687463766
-0.054343710564009357
-0.05046291704591624
-0.04658192351494486
-0.042700745353655326
-0.038819397945332595
-0.034937896673939414
-0.031056256924041403
-0.027174494080760003
-0.02329262352969763
-0.019410660656890507
-0.015528620848733856
-0.011646519491934775
-0.007764371973437382
-0.0038821936803756845
-4.776122516674678e-16
0.0
0.0038821936803760688
