0.0
0.8502563792238674
1.6999221493455867
2.5489800168999897
3.3974128101899153
4.245203478896115
5.092335093667677
5.9387908456933625
6.784554046254242
7.629608126258066
8.473936635755738
9.31752324344029
10.160351736128787
11.00240601822752
11.843670111180888
12.684128152904412
13.523764397202145
14.362563213169032
15.200509084578469
16.037586609255506
16.87378049843607
17.709075576112543
18.54345677836619
19.376909152686586
20.20941785727867
21.040968160357618
21.871545439431937
22.70113518057516
23.529722977686497
24.35729453174077
25.183835650028005
26.009332245382996
26.833770335405223
27.657136041669425
28.479415588927182
29.300595304299836
30.120661616463053
30.939601054823363
31.757400248687027
32.57404592642149
33.38952491460976
34.20382413719798
35.016930614636614
35.828831463015355
36.639513893192195
37.4489652099169
38.25717281094914
39.064124186171654
39.86980691669853
40.67420867397916
41.477317218897795
42.27912040086927
43.07960615693097
43.87876251083135
44.67657757211523
45.47303953520614
46.26813667848595
47.06181064939362
47.854090066122126
48.64496818367317
49.43443359643451
50.22247497852398
51.00908108285419
51.79424074019623
52.57794285824216
53.36017642066689
54.140930486189205
54.920194187632646
55.69795673098592
56.47420739446342
57.24893552756585
58.02213055014105
58.79378195144558
59.56387928920667
60.332412188685105
61.099370341739196
61.864743505889734
62.62852150338631
63.390694220275066
64.1512516054681
64.91018366981451
65.66746615789063
66.42303283000535
67.17694256387583
67.92918560732807
68.67975226583687
69.42863290160611
70.17581793265202
70.92129783188878
71.66506312621728
72.4071043956167
73.14741227223921
73.88597743950791
74.62279063121778
75.3578426306403
76.09112426963138
76.82262642774275
77.55234003133718
78.28025605270729
79.00636550919809
79.73065946233352
80.45310045723785
81.17362438728193
81.89230422048314
82.60913119106341
83.32409657337377
84.03719168104188
84.74840786612442
85.45773651826369
86.16516906384872
86.87069696518115
87.57431171964538
88.27600485888358
88.97576794797538
89.67359258462231
90.36947039833687
91.0633930496367
91.75535222924327
92.44533965728593
93.13325946818955
93.81914266053562
94.5030274720227
95.18490574170188
95.86476933433045
96.5426101396032
97.21842007138908
97.8921910669729
98.56391508630239
99.23358411124053
99.90119014482315
100.56672521052158
101.23018135151104
101.89155062994408
102.5508251262294
103.20799693831621
103.86300237520125
104.51579053153431
105.16645056794044
105.81497465798813
106.46135498945831
107.10558376365954
107.74765319474858
108.38755550905674
109.02528294442152
109.66082774952409
110.29418218323207
110.92533851394808
111.5542890189639
112.18102598382012
112.80554170167139
113.42782847265745
114.04773276307564
114.66536721547254
115.2807480142466
115.8938674966597
116.50471800404462
117.1132918812088
117.71958147584424
118.32357913794307
118.92527721921891
119.52466807253361
120.12174405133057
120.71649750907298
121.30892079868856
121.89900627201955
122.48674627927892
123.0719892467458
123.65483154977963
124.23530399349175
124.81339893398945
125.38910872325286
125.96242570862604
126.533342232314
127.10185063088582
127.6679432347838
128.2316123678383
128.79285034678904
129.3516494808122
129.90800207105374
130.46190041016854
131.01333678186595
131.5621333801577
132.1084293997207
132.65223906735085
133.19355464645727
133.73236838945212
134.26867253733334
134.80245931927408
135.33372095221836
135.86244964048294
136.38863757536592
136.91227693476154
137.43335988278142
137.95187856938273
138.4678251300024
138.98119168519835
139.4917901036253
139.99977391012158
140.5051530874086
141.00791971501278
141.50806585601472
142.00558355673138
142.5004648464048
142.99270173689828
143.48228622239898
143.9692102791284
144.453465865059
144.93504491963878
145.41393936352284
145.89014109831203
146.36364200629924
146.8343119171033
147.30218600192651
147.767334211212
148.2297483714945
148.68942028897067
149.14634174929068
149.60050451735816
150.05190033713802
150.5005209314718
150.94635800190127
151.3894032285003
151.8296482697145
152.26708476220946
152.70170432072715
153.1334985379506
153.5624589843774
153.98844334141205
154.41151273978338
154.83172273547564
155.2490648349008
155.66353052190266
156.07511125768303
156.48379848073643
156.88958360679447
157.29245802877955
157.6924131167673
158.0894402179591
158.48353065666393
158.8746757342898
159.26286672934535
159.64809489745048
160.0303514713581
160.40962766098497
160.7857879766058
161.15888726470942
161.52897987406647
161.8960569512148
162.26010962027001
162.62112898301788
162.9791061190185
163.3340320857209
163.68589791858867
164.0346946312367
164.38041321557972
164.7230446419914
165.06257985947556
165.39900979584874
165.73232535793477
166.06251743177086
166.38957688282602
166.7134945562314
167.03426127702292
167.35172468092327
167.66598884413673
167.97707512306187
168.28497429371373
168.58967711347267
168.89117432140017
169.18945663856817
169.48451476840114
169.77633939703153
170.06492119366916
170.35025081098317
170.6323188854986
170.9111160380062
171.1866328739864
171.45885998404705
171.7277879443758
171.99340731720613
172.25570865129868
172.51468248243614
172.77031933393363
173.02260971716322
173.27154413209405
173.51704247280958
173.7590926068758
173.99775951188585
174.23303367651897
174.46490558094612
174.69336569745678
174.9184044911011
175.14001242034783
175.35817993775828
175.57289749067593
175.78415552193206
175.99194447056811
176.1962547725735
176.39707686164013
176.59440116993358
176.7882181288803
176.97851816997203
177.1652917255864
177.34852922982452
177.5282211193657
177.70435783433868
177.8769298192103
178.04592752369086
178.21134140365723
178.37316192209263
178.531379550044
178.6859847675966
178.83696806486648
178.98431994300958
179.12803091524913
179.26809150792008
179.40449226153163
179.53718935954237
179.66615897663365
179.7914425780216
179.9130307957613
180.03091428140775
180.14508370717556
180.25552976711654
180.36224317831483
180.46521468210017
180.56443504527775
180.65989506137674
180.75158555191587
180.8394973676863
180.9236213900527
181.003948532271
181.08046974082424
181.15317599677536
181.2220583171373
181.2871077562607
181.3483154072381
181.40567240332587
181.4591699193827
181.50879917332512
181.55455142759962
181.5964179906718
181.6343902185316
181.66845951621522
181.69861733934323
181.72485519567482
181.74716464667807
181.76553730911567
181.77996485664704
181.79043902144494
181.79695159582835
181.7994944339095
181.7980594532564
181.79263863656988
181.78322403337484
181.76980776172604
181.75238200992757
181.73093903826623
181.70547118075822
181.67597084690914
181.6424305234867
181.60484277630647
181.56320025202925
181.51749567997123
181.46772187392534
181.41387173399409
181.3559382484335
181.29391449550764
181.22779364535376
181.1575689618569
181.0832338045347
181.0047816304307
180.92220599601728
180.83550055910638
180.74465908076834
180.64967542725861
180.55054357195127
180.44725759727945
180.33981169668166
180.2282001765546
180.11241745821036
179.99245807983925
179.8683166984765
179.73998809197286
179.6074671609687
179.47074020226253
179.3297252359733
179.18450069510993
179.03506200464545
178.8814047230548
178.72352454430177
178.56141729982494
178.3950789605222
178.22450563873377
178.04969359022198
177.87063921614865
177.68733906504792
177.4997898347956
177.30798837457235
177.11193168682237
176.9116169292048
176.7070414165388
176.4982026227405
176.2850981827521
176.06772589446174
175.84608372061348
175.62016979070768
175.3899824028895
175.15552002582623
174.91678130057204
174.6737650424197
174.4264702427382
174.17489607079617
173.9190418755698
173.65890718753514
173.39448963200283
173.12562249945947
172.85247251370035
172.57503998694753
172.29332542242386
172.0073295160278
171.71705315798712
171.42249743449025
171.12366362929507
170.82055322531346
170.51316790617244
170.20150955774923
169.88558026968127
169.56538233684935
169.24091826083358
168.91219075134157
168.57920272760774
168.24195731976346
167.9004578701768
167.5547079347619
167.2047112842568
166.8503295480834
166.49163988888785
166.12871491628135
165.76155932580582
165.3901780343219
165.0145761810699
164.6347591286936
164.25073246422699
163.86250200004346
163.47007377476672
163.07345405414245
162.67264933187082
162.26766633039867
161.8585120016709
161.44519352784118
161.02771832194014
160.60609402850207
160.18013423106055
159.75000192136127
159.31574450853384
158.87737063018554
158.43488915822346
157.98830919919618
157.53764009459064
157.0828914210825
156.62407299073953
156.16119485117906
155.69426728567663
155.22330081322846
154.74830618856507
154.26929440211717
153.7862766799327
153.29906386496137
152.80782572689412
152.31261724205092
151.81345064167007
151.3103383914536
150.80329319116592
150.29232797418248
149.7774559069882
149.2586903886261
148.73604505009524
148.209533753699
147.67917059234244
147.14496988878045
146.60694619481424
146.06489688156287
145.51902882883476
144.96938410003665
144.41597821691272
143.85882692516319
143.2979461933192
142.73335221156793
142.16506139052893
141.59309035998155
141.01745596754358
140.43817527730212
139.8552655683956
139.26874433354925
138.67848933397693
138.08456290931952
137.48708068799237
136.8860610587191
136.28152261516644
135.67348415417968
135.0619646739746
134.44698337228402
133.8285596444626
133.20671308154698
132.5814634682751
131.95283078106254
131.3208351859384
130.68536000495791
130.04647895044528
129.4042991935151
128.75884168541648
128.11012755523083
127.458178107557
126.80301482016135
126.14465934159213
125.48313348875922
124.81845924448093
124.15065875499698
123.4797543274504
122.80576842733706
122.12857920957093
121.44829792959104
120.76500656858032
120.07872823570484
119.38948618424595
118.69730380887025
118.00220464287449
117.30421235540756
116.60335074866866
115.89964375508468
115.1931154344663
114.48378997114403
113.77169167108579
113.05673045185198
112.33898404148819
111.6185418075008
110.89542853586322
110.16966911837036
109.44128854965814
108.71031192421245
107.97676443336574
107.24067136228625
106.5020580869569
105.76095007114759
105.0173728633805
104.27135209388993
103.52289290618839
102.77191322647482
102.01857088068266
101.26289180358494
100.50490199525204
99.74462751800078
98.98209449334567
98.21732909895333
97.45035756559918
96.68120617413088
95.90990125243503
95.13646917241259
94.36093634695979
93.58332922695853
92.80367429827604
92.02189780991424
91.23811185588006
90.45236123898438
89.66467254718295
88.87507238750715
88.0835873831466
87.29024417054734
86.49506939652626
85.6980897154033
84.8993317861509
84.09882226956336
83.2965878254445
82.49265510981711
81.68705077215179
80.87980145261885
80.07091294571046
79.2603698012611
78.44826476730213
77.63462439755634
76.81947522215884
76.00284374506722
75.18475644149846
74.3652397553931
73.54432009690657
72.72202383992956
71.89837731963604
71.0734068300618
70.24713862171149
69.41959889919684
68.5908138189051
67.76080948669826
66.92961195564504
66.09724722378303
65.26372431887724
64.42905338914677
63.59329562432832
62.75647674552707
61.918622407521035
61.07975819674147
60.23990962928596
59.39910214896756
58.55736112539767
57.71471185210504
56.87117954468903
56.026789339009426
55.1815662894105
54.335535366982256
53.48872145785714
52.641149361542006
51.792843789287915
50.943829362494284
50.094130611151215
49.2437719723166
48.39277778863096
47.54117230686796
46.688979676521875
45.83621303762347
44.98290125430638
44.12907598309522
43.27476092724048
42.419979685991514
41.56475575341926
40.70911251727427
39.85307325788158
38.99666114707071
38.139899247142246
37.282810509869186
36.42541777553457
35.56774377200358
34.709811113831314
33.85164230140586
32.993259720124854
32.1346856396082
31.27594221294357
30.417051475967515
29.558035346579047
28.698915624087753
27.839713988595385
26.980452000409514
26.121151099491485
25.26183260493551
24.402517714481355
23.543227504057814
22.68398292735879
21.824804815450467
20.96571387640899
20.10673069498997
19.247875732327273
18.389169325662767
17.530631688105096
16.672282908418545
15.814142950840333
14.956231654926555
14.098568735427536
13.24117378218935
12.384066260084555
11.52726550896906
10.670790743666622
9.81466105397892
8.958895404722389
8.103512635790812
7.24853146224252
6.393970474413112
5.5398481380520925
4.68618279448465
3.832992660795878
2.9802958300392612
2.128110271467487
1.276453830786227
0.4253442304299155
-0.4252009301413556
-1.275164174122462
-2.124528147024293
-2.97327561631304
-3.821389471030632
-4.668852721394467
-5.515648498377957
-6.361760053273353
-7.207170757234246
-8.051864100801627
-8.895823693410915
-9.739033262883282
-10.581476654898122
-11.423137832450683
-12.26400087529287
-13.104049979358063
-13.943269456171649
-14.78164373224502
-15.61915734845678
-16.45579495941833
-17.291541332826387
-18.12638134880223
-18.960299999216904
-19.793282387005288
-20.62531372546609
-21.45637933755168
-22.286464655144666
-23.115555218324584
-23.94363667462292
-24.770694778267668
-25.59671538941831
-26.4216844733899
-27.245588099868954
-28.068412442118834
-28.89014377617749
-29.71076848004592
-30.530273032868546
-31.34864401410621
-32.165868102700934
-32.981932076234216
-33.79682281007742
-34.6105272765368
-35.42303254399073
-36.234325776022416
-37.044394230545684
-37.85322525892562
-38.66080630509479
-39.467124904663166
-40.27216868402499
-41.07592535945964
-41.87838273623007
-42.67952870767615
-43.47935125430486
-44.27783844287748
-45.07497842549291
-45.8707594386692
-46.66514904012265
-47.45812480416438
-48.2497050020252
-49.0398781878779
-49.828632996092004
-50.615958140299625
-51.40184241245984
-52.18627468192139
-52.96924389448512
-53.7507390714652
-54.5307493087503
-55.309263775863954
-56.08627171502512
-56.86176244020885
-57.63572533620659
-58.408149857688024
-59.17902552826211
-59.94834193953998
-60.71608875019817
-61.482255685042944
-62.24683253407619
-63.00980915156216
-63.771175455096326
-64.53092142467503
-65.28903710176834
-66.04545599944058
-66.80019542509395
-67.55327302915246
-68.30467908838145
-69.05440393673534
-69.80243796443833
-70.54877161706993
-71.29339539465128
-72.03629985073582
-72.77747559150225
-73.51691327485067
-74.2546036095024
-74.99053735410223
-75.72470531632533
-76.45709835198616
-77.18770736415244
-77.91652330226188
-78.64353716124258
-79.36873998063805
-80.0921228437353
-80.81359238491322
-81.53319536479958
-82.2509498598845
-82.96684712456123
-83.68087845292531
-84.39303517792479
-85.1033086705141
-85.81169033881363
-86.5181716272726
-87.22274401583749
-87.92539901912437
-88.62612818559644
-89.32492309674603
-90.02177536628108
-90.71667663931714
-91.40961859157353
-92.10059292857503
-92.7895710367102
-93.4764503508854
-94.16133537455734
-94.84421793363438
-95.52508988011711
-96.20394309132716
-96.88076946914171
-97.55556093923188
-98.22830945030793
-98.89900697336823
-99.56764550095468
-100.23421704641271
-100.8987136431567
-101.56112734394107
-102.22145022013616
-102.87967436101015
-103.5357918730156
-104.18966197863266
-104.84138705422139
-105.49098009484783
-106.1384332812727
-106.78373880812596
-107.4268888832249
-108.06787572689731
-108.70669157131094
-109.3433286598075
-109.97777924624312
-110.61003559433415
-111.24008997700813
-111.8679346757609
-112.49356198001902
-113.11696418650813
-113.73807281263532
-114.3568312168804
-114.97333980058602
-115.58759089875332
-116.19957685075474
-116.80928999973429
-117.41672269201523
-118.02186727651228
-118.62471610415031
-119.22526152728823
-119.82349589914926
-120.41941157325662
-121.01300090287465
-121.60425624045682
-122.1931699370983
-122.77968178569782
-123.36370615308184
-123.94536448170345
-124.5246491295409
-125.10155245070183
-125.67606679491162
-126.24818450700721
-126.81789792643752
-127.38519938676906
-127.95008121519845
-128.51253573207035
-129.0725552504013
-129.63013207541042
-130.18525850405524
-130.73792682457434
-131.28805540318314
-131.8355917008119
-132.38064551081146
-132.92320910193104
-133.46327473213387
-134.0008346481767
-134.53588108519597
-135.06840626630043
-135.5984024021698
-136.12586169066023
-136.65077631641532
-137.17313845048506
-137.69294024995006
-138.2101738575525
-138.7248314013344
-139.2368239351546
-139.74610709112855
-140.25278957206416
-140.75686346558928
-141.25832084304773
-141.75715375917736
-142.25335425179625
-142.74691434149466
-143.23782603133455
-143.72608130655587
-144.21167213429072
-144.69459046328325
-145.17482822361814
-145.6523773264556
-146.12722966377362
-146.59935522006464
-147.06858918390415
-147.53510135137887
-147.9988835591122
-148.45992762349633
-148.91822534048018
-149.37376848536525
-149.82654881260933
-150.2765580556381
-150.7237879266649
-151.16823011651798
-151.6098762944767
-152.04871810811508
-152.48474718315427
-152.91795512332314
-153.34833351022738
-153.77583901431726
-154.2003349359627
-154.62197569328563
-155.04075280395153
-155.45665776309804
-155.86968204325672
-156.27981709428326
-156.68705434329712
-157.09138519463056
-157.49280102978665
-157.8912932074067
-158.28685306324758
-158.67947191016825
-159.0691410381263
-159.45585171418404
-159.83959518252442
-160.2203626644778
-160.59811358857928
-160.97271290303777
-161.3443099570461
-161.71289590838498
-162.07846189237023
-162.44099902194023
-162.80049838775426
-163.15695105830181
-163.51034808002277
-163.86068047743868
-164.2079392532951
-164.55211538871555
-164.89319984336655
-165.23118355563483
-165.5660574428156
-165.89781240131288
-166.22643930685155
-166.55192901470215
-166.8742723599172
-167.19340377003337
-167.50925342230335
-167.82192979519405
-168.13142367415256
-168.43772582583787
-168.74082699843063
-169.04071792195563
-169.3373893086173
-169.63083185314886
-169.92103623317456
-170.20799310958517
-170.4916931269274
-170.77212691380709
-171.04928508330588
-171.32315823341239
-171.59373694746685
-171.8610117946207
-172.12497333030996
-172.38561209674344
-172.6429186234055
-172.89688342757302
-173.14749701484828
-173.39474987970587
-173.6384898493663
-173.87884955726383
-174.11582128154674
-174.34939550656293
-174.5795627084633
-174.80631335583647
-175.02963791035864
-175.24952682745953
-175.46597055700437
-175.67895954399128
-175.8884842292655
-176.094535050249
-176.29710244168717
-176.49617683641134
-176.6917486661181
-176.88380836216498
-177.0723463563829
-177.25735308190562
-177.43881897401536
-177.61673447100628
-177.7910900150639
-177.9618760531626
-178.12908303797957
-178.29270142882623
-178.45272169259687
-178.6091343047347
-178.76192975021536
-178.9110985245474
-179.05663113479108
-179.19851810059365
-179.33674995524342
-179.4713172467403
-179.60213433382404
-179.72926211523065
-179.8526991945958
-179.97243621358066
-180.08846383392398
-180.20077273861057
-180.309353633058
-180.4141972463204
-180.5152943323104
-180.6126356710381
-180.7062120698681
-180.7960143647938
-180.88203342172955
-180.96426013781968
-181.04268544276573
-181.1173003001705
-181.18809570889954
-181.25506270446016
-181.31819236039723
-181.37747578970652
-181.43290414626472
-181.4844686262763
-181.53216046973787
-181.57597096191827
-181.61589143485597
-181.65191326887287
-181.68402789410408
-181.7122267920442
-181.7365014971095
-181.75684359821628
-181.7732447403743
-181.7856966262966
-181.79419101802415
-181.79871973856555
-181.79927467355222
-181.7958477729081
-181.78843105253375
-181.77701659600487
-181.76159655628513
-181.74216315745235
-181.71870869643897
-181.69122554478503
-181.6597061504048
-181.62414303936598
-181.58452881768125
-181.54085617311213
-181.4931178769848
-181.44130678601715
-181.3854158441573
-181.32543808443282
-181.26136663081064
-181.19319470006693
-181.12091560366676
-181.0445227496536
-180.96400964454708
-180.87936989524985
-180.7905972109627
-180.69768540510736
-180.60062839725643
-180.49942021507061
-180.3940549962419
-180.28452699044357
-180.17083056128507
-180.05296018827195
-179.9309104687709
-179.8046761199783
-179.6742519808928
-179.53963301429079
-179.4007586248399
-179.25763945140824
-179.11030839932536
-178.95876096006694
-178.80299275960402
-178.6429995603895
-178.4787772633438
-178.31032190983817
-178.13762968367658
-177.96069691307426
-177.77952007263272
-177.5940957853111
-177.4044208243926
-177.21049211544516
-177.012306738277
-176.80986192888457
-176.60315508139385
-176.39218374999354
-176.1769456508593
-175.95743866406914
-175.73366083550837
-175.50561037876446
-175.2732856770097
-175.03668528487253
-174.79580793029578
-174.55065251638155
-174.30121812322173
-174.04750400971358
-173.78950961536026
-173.5272345620544
-173.26059143448225
-172.9895828481748
-172.71429154099303
-172.43471792044875
-172.15086258589446
-171.86272633018805
-171.57031014133503
-171.27361520410903
-170.97264290164824
-170.66739481702862
-170.3578727348119
-170.0440786425684
-169.72601473237344
-169.40368340227718
-169.0770872577469
-168.7462291130804
-168.41111199279123
-168.07173913296342
-167.7281139825764
-167.38024020479867
-167.02808472804318
-166.6715144175178
-166.31070652846407
-165.94566564617318
-165.57639657671163
-165.2029043479995
-164.8251942108532
-164.44327163999048
-164.05714233499896
-163.66681222126573
-163.27228745086896
-162.87357440342996
-162.47067968692562
-162.06361013846066
-161.65237282499814
-161.2369750440491
-160.81742432432048
-160.39365083695637
-159.96558424481037
-159.5333883184752
-159.09707157855124
-158.65664277975
-158.21211091125951
-157.7634851970633
-157.31077509621423
-156.85399030306144
-156.39314074743098
-155.9282365947584
-155.45928824617496
-154.98630633854526
-154.50930174445716
-154.0282855721635
-153.54319029589087
-153.05394184455838
-152.56071701886674
-152.06352793268712
-151.56238693453682
-151.05730660720235
-150.54829976731315
-150.03537946486523
-149.51855898269474
-148.997851835901
-148.47327177121988
-147.9448327663466
-147.412549029208
-146.87643499718607
-146.33640986535943
-145.79243590103854
-145.2446775840972
-144.6931503238951
-144.13786975429196
-143.57885173254726
-143.01611233817002
-142.4496678717195
-141.8795348535574
-141.30573002255056
-140.72827033472547
-140.14717296187516
-139.5624552901173
-138.97411343254137
-138.38197173747423
-137.7862651287682
-137.1870118920276
-136.58423051866578
-135.9779397041619
-135.36815834627532
-134.7549055432146
-134.13820059176308
-133.5180629853618
-132.89451241214812
-132.26756875295422
-131.63725207926305
-131.00355702072937
-130.36633311794782
-129.72580010452413
-129.0819788419353
-128.43489037063338
-127.78455590775026
-127.13099684476461
-126.47423474513397
-125.81429134189204
-125.15118853521156
-124.48494838993466
-123.8155931330693
-123.1431451512557
-122.4675838876326
-121.78881626832906
-121.10702706830118
-120.42223932364145
-119.7344762159132
-119.0437610694333
-118.35011734852935
-117.65356865477291
-116.95413872418946
-116.25185142444614
-115.54673075201883
-114.83880082933715
-114.12808590191167
-113.41458500722466
-112.6981957695314
-111.97909835583911
-111.25731749809638
-110.53287803555928
-109.80580491181637
-109.07612317180333
-108.34385795880513
-107.60903451144925
-106.8716781606892
-106.13181432678029
-105.3894685162485
-104.64466631885229
-103.89743340454062
-103.14770001788068
-102.39553576748136
-101.64102181003719
-100.88418411335128
-100.1250487089983
-99.3636416892749
-98.59998920415234
-97.83411745823155
-97.0660527077034
-96.29582125731378
-95.52344945733412
-94.74896370053986
-93.9723904191958
-93.19375608205108
-92.41304573555954
-91.63025207667678
-90.84548046902411
-90.05875748992028
-89.27010973722469
-88.47956382641134
-87.68714638766012
-86.89288406296194
-86.09680350324257
-85.29893136550331
-84.49929430998014
-83.6979189973227
-82.89483208579162
-82.0900602284785
-81.28363007054601
-80.47556824649082
-79.66583827013218
-78.8545108603403
-78.0416348406859
-77.227236753423
-76.41134311592023
-75.59398041808358
-74.7751751198071
-73.95495364845036
-73.13334239634496
-72.31036771832777
-71.4860559293044
-70.66043330184239
-69.83352606379314
-69.00536039594576
-68.17596242971058
-67.34535824483436
-66.51357386714798
-65.68063526634482
-64.84652631850196
-64.0113087520239
-63.17501721917356
-62.3376774081472
-61.49931493980033
-60.65995536564304
-59.81962416587266
-58.97834674743856
-58.13614844214381
-57.29305450478131
-56.44909011130461
-55.604280357035336
-54.758650254905774
-53.912224733738014
-53.06502863655778
-52.21708671894558
-51.36842364742379
-50.51906399787957
-49.6690322540252
-48.818352805893205
-47.9670499483695
-47.11514787976236
-46.26266893591592
-45.40962281743442
-44.556051320811
-43.70197820084377
-42.84742710893201
-41.992421591881346
-41.136985090742606
-40.281140939689486
-39.424912364930734
-38.56832248365836
-37.71139430303197
-36.854150719197655
-35.99661451634302
-35.13880836578758
-34.280754825108346
-33.422476337298534
-32.56399522996326
-31.705333714548434
-30.84651388560381
-29.987557720081057
-29.12848707666387
-28.269323695133195
-27.41008919576457
-26.550805078759883
-25.691492723709718
-24.832173389090027
-23.97286821179027
-23.1135982066725
-22.254384266164408
-21.39524715988011
-20.536207534275075
-19.677285912329868
-18.818502693263945
-17.959878152281163
-17.101432440342542
-16.243185583969904
-15.385157485076954
-14.527367920831434
-13.669836543541573
-12.81258288057384
-11.95562633429622
-11.098986182048575
-10.242681576141008
-9.38673154387629
-8.531154987600177
-7.675970684775996
-6.821197288085386
-5.966853325551994
-5.112957200691858
-4.259527192685301
-3.406581456574036
-2.5541380234810838
-1.7022148008525522
-0.8508295727226691
-4.452815916740386e-14
