-212.61949358842742
-213.27594154031388
-213.92805399149674
-214.5758134227012
-215.21831311490152
-215.8560822704144
-216.48944287560386
-217.1183758934419
-217.7428618946017
-218.36276647158445
-218.9770865560307
-219.58689868563894
-220.19218183755055
-220.79291457393657
-221.38907503668625
-221.9802715387957
-222.56603006579513
-223.14714848067135
-223.72360323341906
-224.29537032929863
-224.86242532305036
-225.42435254521445
-225.98074495607383
-226.5323501477307
-227.0791418792423
-227.62109343312318
-228.15817760913836
-228.69022432841024
-229.21635949826253
-229.73754450422226
-230.25375024229504
-230.76494709844638
-231.27110494204925
-231.77219311925933
-232.26750415176383
-232.75726977515006
-233.24187338863243
-233.72128230225638
-234.19546327452582
-234.6643825055553
-235.12800563017566
-235.58553631246804
-236.03742364057922
-236.48391239670457
-236.9249660462387
-237.3605474607067
-237.7906189108121
-238.2151420594731
-238.6337554058568
-239.0460879902061
-239.45275913760813
-239.8537282117286
-240.24895394061602
-240.6383944098974
-241.02200705600643
-241.3997486594523
-241.77139682675207
-242.13636881295156
-242.49534367920694
-242.8482757671702
-243.19511873718486
-243.53582556203924
-243.87034852081928
-244.19863919287093
-244.52064845188195
-244.83632646009602
-245.14489113500127
-245.4469784274474
-245.74259116022623
-246.03167691140396
-246.31418252851955
-246.59005412382987
-246.8592370697653
-247.12167599460946
-247.37731477841766
-247.6260965491882
-247.8679636793014
-248.10252339291176
-248.32977541759584
-248.54994976231956
-248.7629861323205
-248.9688234707225
-249.16739995680848
-249.3586530046669
-249.54251926222867
-249.71893461071204
-249.88783416449584
-250.04915227143857
-250.20282251366353
-250.34877770883037
-250.48694991191155
-250.6172704174969
-250.73966976264444
-250.85407773030082
-250.96042335331242
-251.0586324612792
-251.14838032355618
-251.22987051529287
-251.30302958734927
-251.3677833728351
-251.42405699477166
-251.47177487448658
-251.51086074076454
-251.54123763977745
-251.5628279458187
-251.57555337286442
-251.57933498698577
-251.57409321963746
-251.5597478818451
-251.53621817931594
-251.50342272849758
-251.4612795736079
-251.40970620465964
-251.34861957650497
-251.27793612892123
-251.1975718077619
-251.107442087197
-251.00730875194358
-250.89705694148955
-250.77675136727925
-250.6463054493076
-250.505632273736
-250.35464462288303
-250.19325500646363
-250.0213756940992
-249.83891874911177
-249.64579606362008
-249.44191939495147
-249.2272004033834
-249.00155069122678
-248.76488184326232
-248.51710546853923
-248.2581332435451
-247.98787695675242
-247.7054012464033
-247.41139440914102
-247.10580206444342
-246.78853678346528
-246.45951151783703
-246.1186396534775
-245.76583506577856
-245.4010121761526
-245.02408600992817
-244.6342743878264
-244.23163232542726
-243.8165974321299
-243.38908787745066
-242.94902277799727
-242.49632226393948
-242.03090754664504
-241.55224837902136
-241.05964792770558
-240.55406620826543
-240.0354298419933
-239.50366692613173
-238.95870710832241
-238.40018582148522
-237.82687559464426
-237.24013192074307
-236.6398920589511
-236.0260952464702
-235.3986827772154
-234.75610814137985
-234.09933079208983
-233.42874327456724
-232.7442968392536
-232.04594523656044
-231.33179293388784
-230.603372693311
-229.86089745751946
-229.10433295354756
-228.3328118188757
-227.54572741643057
-226.74444656897674
-225.9289486004111
-225.0988309957031
-224.25249462906675
-223.39188221584618
-222.5169882082389
-221.62734899631243
-220.72144828477764
-219.8012605182828
-218.86679666242185
-217.91705735468815
-216.95158467092418
-215.97188851737985
-214.97799755235275
-213.96796641237358
-212.9432445179375
-211.90444231461748
-210.85089447772793
-209.78151324213306
-208.6982159834159
-207.601064852997
-206.4878556709963
-205.3606461154573
-204.21981300765665
-203.06396114966526
-201.89359162216405
-200.70988037450658
-199.51205642360526
-198.29944959555746
-197.0738340838925
-195.83490713488192
-194.58115445642915
-193.31477632743315
-192.0358113476072
-190.74216905276117
-189.43633302014268
-188.11844286874003
-186.78646755546157
-185.44263426543995
-184.08723755545822
-182.7185102351947
-181.33828677636558
-179.94703256113146
-178.5432104480018
-177.1283386501087
-175.70300685379738
-174.26589439719544
-172.81823712934562
-171.36072431359432
-169.89225446305107
-168.41378020139345
-166.92608368814095
-165.42829708909278
-163.92106307404313
-162.40526375676166
-160.88028637460386
-159.34642071600535
-157.80466492618226
-156.25468463973533
-154.6963677531844
-153.13084856980743
-151.55809129717701
-149.97753706519333
-148.39047546139224
-146.79711544489902
-145.19661842829788
-143.59024464132267
-141.97826861515324
-140.36029850287963
-138.73683399216623
-137.10845826096596
-135.47520336988288
-133.83684369467935
-132.19425376232783
-130.54763595588918
-128.89674359320168
-127.24207863468516
-125.58404733878155
-123.92282532904815
-122.2581641687336
-120.59077846231402
-118.9208579186095
-117.24850867602099
-115.57375150624546
-113.89707093077152
-112.2186473080807
-110.53861090167194
-108.85704021301234
-107.1743028979572
-105.49056874638057
-103.80600508381991
-102.12070190125587
-100.43493561976035
-98.74886870366575
-97.06265684085517
-95.37646297881739
-93.69046898195717
-92.00481751648228
-90.31965209639986
-88.63511348852417
-86.95139364119373
-85.26866759936884
-83.58700359028097
-81.90652991668232
-80.22737210183143
-78.5496528905404
-76.87368779182844
-75.19943714530842
-73.52699825495829
-71.85648150982468
-70.1879945727237
-68.52164239486979
-66.85769468427517
-65.19619296281935
-63.537138993974466
-61.88062588227879
-60.2267441386945
-58.57558170548736
-56.92722398239506
-55.28178286581488
-53.63956940463524
-52.00040863716531
-50.364375061619086
-48.73154080459656
-47.10197565384762
-45.47574709180612
-43.852920329832656
-42.233558343103894
-40.617721906091894
-39.00550196176974
-37.397145934287195
-35.79248310047862
-34.19156503343223
-32.5944413141495
-31.0011595693487
-29.411765509458505
-27.82630296675822
-26.24481393362056
-24.667338600812705
-23.09391539582178
-21.52458102116027
-19.95937049261668
-18.398317177418093
-16.841452832268356
-15.28880764123128
-13.74041025342898
-12.196287820524333
-10.65646603396171
-9.120969161940769
-7.589820086095426
-6.063040337859572
-4.54065013449318
-3.022668414751605
-1.5091128741782
-6.161932879437727e-14
0.0
1.5046548943842404
3.004837635347017
4.500535155413103
5.991735460095696
7.478427595198346
8.960601614593724
10.438248548489085
11.91136037218727
13.379929975351118
14.843951131778292
16.30341846969257
17.758327442556805
19.208674300412
20.654456061746043
22.095670485895052
23.532316045979368
24.9643919023757
26.391897876726247
27.814834426484914
29.23320262000016
30.647004112133608
32.056241120412786
33.460916401716055
34.861033229487
36.25659537147568
37.647607068003
39.03407301074454
40.41566595645235
41.79266153214992
43.16511276227166
44.53302603929586
45.89640811427995
47.2552660783227
48.60960734451692
49.95943963038637
51.30477094080065
52.645609551361424
53.98196399225352
55.31384303255359
56.640773450162925
57.9631783228906
59.28112120946162
60.59461184002897
61.90366011396679
63.208276086511944
64.50846995581882
65.80425205041982
67.09563281708328
68.38238524341364
69.66433796632185
70.94190814656054
72.21510676417813
73.48394486256524
74.74843353832874
76.00858393151475
77.26440721617327
78.5158563283074
79.76231436864103
81.00446682303615
82.2423250937798
83.47590057351965
84.705204637553
85.930248636409
87.15104388871623
88.36713490368248
89.57864056908261
90.78592018008375
91.98898503779067
93.1878463773386
94.38251536219883
95.57300307872397
96.75878628024867
97.94005428920863
99.11716371649894
100.2901254572852
101.45895030252173
102.62364893470071
103.78419324851066
104.93973125577995
106.09116511852338
107.23850520438847
108.38176175047681
109.52094486011133
110.65606449976593
111.78635517564902
112.91238283399522
114.03436768045577
115.1523192478899
116.26624691515357
117.3761599048425
118.48127026908307
119.5821449184146
120.67902391173756
121.77191595344416
122.86082957791672
123.9457731479269
125.02573001224947
126.10168382841903
127.17368460457953
128.2417401141367
129.30585794789036
130.36570784502908
131.4208703424692
132.47211030698858
133.51943468783898
134.56285024250047
135.6023635359199
136.6370923280781
137.66768630469772
138.69439059410306
139.71721106668645
140.73615339285095
141.75078816673903
142.76083379052525
143.76701155079184
144.76932638315168
145.76778301682177
146.7623184180644
147.75189471467942
148.7376206386834
149.71950014790016
150.6975369880898
151.67173469270725
152.64112514595166
153.60645376875706
154.56794787791182
155.52561019655056
156.47944323031197
157.42868908043937
158.37365357338132
159.31479061951458
160.25210188210912
161.18558880187948
162.11465260026876
163.03926362562947
163.9600492234155
164.87700996064007
165.79014617659482
166.69897829209435
167.6032228981865
168.50363883952147
169.40022555031715
170.29298223157718
171.18151984220668
172.0653603802977
172.94536355160602
173.821527619956
174.69385060993952
175.56201673189253
176.42538977796497
177.28491107856917
178.1405776876474
178.9923864131806
179.84008896329033
180.68290422913742
181.52184747553522
182.35691450440672
183.188100864109
184.01523175240345
184.83737097202774
185.65561177437237
186.46994866387462
187.28037588277505
188.08681013223074
188.88812591095234
189.68551050947292
190.47895708533918
191.26845852411077
192.05400743751494
192.83436803033283
193.61071208086184
194.38307732358186
195.15145523221793
195.91583699523937
196.67515361376854
197.43024091299702
198.18130166537006
198.92832587259264
199.6713032382932
200.4093902315011
201.14297137407624
201.87247097891702
202.59787751013073
203.31917911945135
204.0358304662357
204.74762142737777
205.45526828941962
206.158757907625
206.85807680905344
207.55306535427508
208.2427459932502
208.92821206097423
209.60944872676987
210.28644081435488
210.9591727979299
211.62673000795212
212.2896491728927
212.94825842155313
213.60254078969743
214.25247894417043
214.89778117376034
215.53774758682619
216.17331482247607
216.80446403802316
217.43117600089724
218.05343108378656
218.67048871030028
219.28255741945395
219.89010771388365
220.49311836390294
221.09156772221255
221.6854337185361
222.27372936165185
222.85717074876766
223.4359603039917
224.01007425566854
224.5794883845279
225.14417801784938
225.70314553143254
226.2571475832646
226.8063493546062
227.3507243670134
227.89024566240755
228.42488579682393
228.95390888456916
229.4775725788509
229.9962716205912
230.5099766515902
231.01865780034066
231.52228467543944
232.02069565282932
232.51303019293107
233.0002188634046
233.48222924751346
233.95902838038546
234.43058274218868
234.89685825126048
235.35757944030252
235.81215253761724
236.2613451097155
236.70512091632503
237.1434431267737
237.5762743130457
238.00357644282295
238.42531087251734
238.84062686252113
239.2501337684791
239.65395899834837
240.05206159883843
240.44439997763578
240.8309318966148
241.21161446508563
241.58640413308558
241.95462963263904
242.31660872382463
242.67256795066174
243.02246131493473
243.3662421339842
243.7038630345093
244.0352759464733
244.36043209712489
244.6792820051445
244.9914357122185
245.29674085321398
245.59559737310144
245.8879532133655
246.17375558741594
246.45295097573205
246.72548512121176
246.99130302473753
247.2503489409737
247.50256637440924
247.7478980756611
247.98626188481214
248.21703037654183
248.44075105053605
248.65736399233106
248.866808526346
249.069023213977
249.2639458520551
249.4515134716853
249.63166233748524
249.8043279472418
249.96944503200518
250.12694755663824
250.2767687208423
250.41884096067906
250.5530959506077
250.67946460606083
250.79787708657682
250.90826279951304
251.0105504043601
251.10453403889593
251.1901622019062
251.26749605997574
251.33646180417668
251.39698491157162
251.44899015323887
251.49240160304254
251.52714264717002
251.55313599446112
251.57030368755267
251.57856711486266
251.5778470234374
251.56806353268638
251.54913614902864
251.520983781474
251.48352475816483
251.43667684390016
251.38035725866757
251.31448269720482
251.23896934961599
251.15373292306396
251.0586886645625
250.9534341697708
250.8381662779371
250.71280137589966
250.5772527130655
250.43143321984815
250.27525553828028
250.10863205388668
249.93147492883358
249.74369613637253
249.54520749659235
249.33592071349403
249.11574741340212
248.8845991847229
248.642387619061
248.38902435370267
248.12442111547324
247.8480875123653
247.55984053847953
247.2600518978207
246.94863399105378
246.62549957293115
246.29056180541468
245.9437343121764
245.58493123446527
245.2140672883311
244.83097392234788
244.4344973108811
244.02566911847268
243.60440706564566
243.17062978722754
242.7242568982245
242.26520906087936
241.79340805287677
241.3075661700738
240.80848434639617
240.2963843853667
239.77119363699907
239.2328409643781
238.6812568185153
238.115205892522
237.53518690531882
236.9417028582887
236.33469198980572
235.71409455557117
235.07933390119598
234.42944259543458
233.76576640886708
233.0882553717572
232.39686197460327
231.6907439258906
230.96933743324695
230.2338941598561
229.48437839221668
228.72075731718706
227.94104275477207
227.14686291667755
226.33847588970582
225.51586263004094
224.6774468326845
223.82397335859542
222.9562206182749
222.07418485498707
221.1761850579624
220.26313968819179
219.3358122655115
218.39421568530165
217.43610057887287
216.46351283221068
215.476715435699
214.47503362861448
213.45736829260127
212.42560060006156
211.37977570208153
210.31794707888477
209.2416003323067
208.15136809909598
207.0463273104552
205.92595876631555
204.79192750873352
203.6441137439247
202.48044997318078
201.30339777385723
200.11305163875096
198.9073858979075
197.6882610564773
196.45618274323
195.20961668533062
193.94953580137604
192.6768918943353
191.39052299353182
190.0907666172122
188.77888583408853
187.45400010900767
186.11600595530916
184.7663716655263
183.40443391276386
182.02978770463142
180.64402810892886
179.24666899016808
177.83709306541496
176.41696919077557
174.9859694185315
173.54330930211802
172.0907010313798
170.6279729933874
169.15418219723728
167.67107261107319
166.1786398561375
164.67576322019482
163.16422157770114
161.6441966522288
160.11435258051858
158.5765163011674
157.03089224730257
155.4764394446019
153.91449547718656
152.34545302176318
150.76864065573474
149.18480662836615
147.59456968985128
145.9976393061016
144.39414484530727
142.7849438828785
141.17012446819973
139.54919305554705
137.92324713536584
136.2924930945414
134.65656500855093
133.01606483412212
131.37143574118224
129.7227520274734
128.06984421599935
126.41347149339403
124.75383061727084
123.09084724725034
121.42479998264946
119.75612326280549
118.08500584131416
116.41138187475225
114.73564032022497
113.05806581438266
111.37883760757384
109.69798209252471
108.01580671468778
106.33254991060795
104.64838024359437
102.96342293159756
101.27786617341633
99.59192994855263
97.90577126365046
96.2195444805889
94.53343224049149
92.84759139895428
91.16216518828864
89.47729575069575
87.79312247435999
86.10990599366605
84.42769475667006
82.74661005119857
81.06677879027092
79.38832510764779
77.71145727843863
76.03634300521824
74.36298426724174
72.69149282157983
71.02197769244975
69.35454518492509
67.68933364206605
66.02664377546876
64.3663541292174
62.708559113545995
61.05335053317784
59.400817611534904
57.75104701627002
56.10412288605289
54.46029929817004
52.81960272208512
51.18199638728451
49.54755360213054
47.91634531965277
46.28844017070589
44.6639044978648
43.04280238999863
41.4251957174624
39.81114416784895
38.20086560098205
36.59434959772467
34.99155282605
33.392525858291556
31.797317293570543
30.205973795701027
28.618540131262243
27.035059207795072
25.455572112079437
23.880118148452574
22.30873487712823
20.741458152480398
19.1783221612535
17.619359460667127
16.064601016380735
14.514076240287862
12.967813028110044
11.425837796761948
9.888175521461626
8.35484977256023
6.8258827520665095
5.30129532984608
3.781107079470991
2.265336313703405
0.7540001195918363
-0.7528856068352703
-2.255306126295009
-3.7532478224102324
-5.246698168316445
-6.735645693729865
-8.220079952485838
-9.699991490560604
-11.175371814582459
-12.646213360844861
-14.112509464823798
-15.574254331211208
-17.031443004465935
-18.484071339889503
-19.932135975229524
-21.37563430281454
-22.814564442222085
-24.24892521348334
-25.678716110823032
-27.10393727693734
-28.52458947780851
-29.940674078055856
-31.352193016821573
-32.75914878418986
-34.16154439813673
-35.559383382008804
-36.95266974252577
-38.3414079483058
-39.72546214408604
-41.104732172503944
-42.47945479950272
-43.84963623116451
-45.2152830416051
-46.57640215418926
-47.9330008232382
-49.28508661622557
-50.632667396454096
-51.97575130620692
-53.31434675036708
-54.648462380498415
-55.97789477797117
-57.30253423594685
-58.62270691043666
-59.93842244184245
-61.24969064662366
-62.55652150372957
-63.85892514144848
-65.15691182466621
-66.45049194252609
-67.73967599648368
-69.02391010619598
-70.30367018962754
-71.57905321184927
-72.8500701858686
-74.11673218292799
-75.37905032255446
-76.63703576295468
-77.89069969174659
-79.13962425951901
-80.38392808130442
-81.62393201900622
-82.85964747107415
-84.09108582242612
-85.31825843688452
-86.54117664990233
-87.75979375240574
-88.97341670191769
-90.18280792358627
-91.38797874928896
-92.58894044787286
-93.78570421933786
-94.97828118926301
-96.16658937549984
-97.34994079233553
-98.52912814222339
-99.7041623707772
-100.87505432160087
-102.04181473193665
-103.20445422851283
-104.3624759231966
-105.51596055421878
-106.66534624064849
-107.81064328527486
-108.9518618587039
-110.08901199620796
-111.22182227147465
-112.34987495806301
-113.47388000932531
-114.59384703423612
-115.70978548894291
-116.8217046744457
-117.92933180722113
-119.03220760136962
-120.13108332408748
-121.22596776414022
-122.31686954112124
-123.40379710380162
-124.48626823532562
-125.56420154327502
-126.63817785639603
-127.70820503896564
-128.77429077322736
-129.83644255826508
-130.89377985216152
-131.94698020253037
-132.9962615185261
-134.04163065361314
-135.0830942690969
-136.1203348180071
-137.15287590198744
-138.18152428872133
-139.20628594840423
-140.2271666514963
-141.24417196822333
-142.256294778101
-143.26440584028927
-144.2686515325427
-145.2690366873183
-146.26556593051103
-147.2575881185894
-148.24523872092638
-149.2290409560571
-150.2089986758037
-151.1851155198039
-152.15702198153267
-153.12426895024655
-154.0876799622499
-155.04725784934305
-156.00300522594065
-156.9547709608508
-157.9016498704023
-158.84470041813162
-159.7839243784903
-160.71932330350367
-161.65089852250583
-162.57743633572014
-163.50013456219793
-164.4190076730508
-165.33405612147592
-166.24528013276478
-167.15157915197025
-168.0539094818499
-168.95241089320214
-169.84708270370032
-170.73792399754757
-171.6239196829158
-172.5058417397116
-173.38392559149864
-174.25816938257066
-175.12857101763854
-175.99418454856692
-176.85563207482508
-177.71322641327475
-178.5669644949916
-179.41684300462512
-180.26198034613856
-181.1028601112181
-181.93986578943264
-182.77299305606934
-183.60223733225146
-184.4267883311053
-185.24697901270477
-186.06326856192618
-186.8756513522929
-187.6841214943842
-188.48795900203916
-189.2873100290374
-190.08272648849447
-190.87420140218865
-191.66172751899984
-192.44470653914516
-193.22303688476316
-193.99739257943077
-194.76776523866897
-195.5341461938562
-196.29610305268238
-197.05319996841877
-197.8062752254786
-198.55531897363124
-199.30032106587257
-200.0410726038493
-200.77669028613218
-201.50823208242082
-202.235686611887
-202.95904218282993
-203.6782867896478
-204.3922431503755
-205.10196368468013
-205.8075335883279
-206.50893955291036
-207.20616794008168
-207.89843158164715
-208.58600676738092
-209.2693600094853
-209.9484763049627
-210.62334030326826
-211.29365940839259
-211.95872728398433
