0.0
0.01885060759452494
0.03766094244298094
0.05643035487626674
0.07515821195068914
0.0938438971449421
0.11248681005574752
0.13108636609246704
0.14964199617098378
0.1681531464071411
0.18661927781001567
0.20503986597528884
0.22341440077897268
0.24174238607173265
0.2600233393740412
0.2782567915723832
0.2964422866167282
0.31457938121946655
0.3326676445560049
0.3507066579672012
0.36869601466380997
0.386635319433102
0.40452418834780846
0.422362248477536
0.4401491376027846
0.45788450393169544
0.47556800581964487
0.49319931149179386
0.5107780987686932
0.5283040547950364
0.5457768757716471
0.5631962666907742
0.5805619410747707
0.5978703795866617
0.6151239150145983
0.6323227573507033
0.6494666515695912
0.6665553500020237
0.6835886120917252
0.7005662041559184
0.7174878991496019
0.7343534764335885
0.7511627215463172
0.7679154259794438
0.7846113869572162
0.8012504072196295
0.8178322948093582
0.8343534604105273
0.8508148485162337
0.8672183904782196
0.8835639143220314
0.8998512524067903
0.9160802412317602
0.9322507212466024
0.9483625366652806
0.9644155352835846
0.9804095683002306
0.9963444901414996
1.0122189536096124
1.0280282164051822
1.0437777875837193
1.0594675340572675
1.0750973251552083
1.0906670324670973
1.106176529688759
1.1216256924715802
1.137014398274948
1.1523425262217741
1.1676089060105372
1.1828073724217112
1.1979447546897586
1.2130209386676223
1.228035811191632
1.2429892599528332
1.25788117337103
1.2727114404714819
1.2874799507641774
1.3021865941256328
1.3168228124019932
1.3313961758341286
1.3459072023180223
1.3603557835817812
1.3747418111510772
1.3890651762438486
1.4033257696671249
1.4175234817158913
1.4316553656522975
1.445717056047764
1.4597154009051994
1.4736502890211713
1.487521608184106
1.5013292450837175
1.515073085222085
1.5287530128263198
1.5423686057752073
1.555909783285574
1.5693865718221272
1.5827988511552946
1.5961464993441679
1.6094293926574434
1.6226474054955666
1.6358004103140293
1.6488878971863985
1.6618993528161492
1.6748452955261428
1.6877255906803792
1.7005401013087624
1.7132886880365497
1.7259712090146127
1.738587519850455
1.7511349768610887
1.7636067930760433
1.7760118512352898
1.7883499974798749
1.8006210750542386
1.8128249242415133
1.8249613822992954
1.8370302833958352
1.8490254494064948
1.8609466955947485
1.8727997806883798
1.8845845272181323
1.89630075429839
1.9079482775661052
1.919526909119904
1.9310364574593564
1.9424665265552887
1.9538249825388463
1.9651136828538118
1.9763324223493326
1.987480991967074
1.9985591786820425
2.0095667654433904
2.020501723659826
2.031354966212433
2.042136868072928
2.0528471968885835
2.0634857159847977
2.074052184306802
2.084546356361234
2.094967982157583
2.105311995349542
2.1155751747218803
2.1257649785423216
2.135881139725297
2.145923386403126
2.155891441868034
2.165785024514009
2.1756038477784987
2.1853415988554277
2.1949974465015925
2.2045776072138685
2.214081775643954
2.223509641213264
2.2328608880554266
2.242135194958689
2.2513322353082446
2.260447261874747
2.2694763274993455
2.278427091858687
2.2872992079772945
2.2960923232177346
2.3048060792245924
2.3134401118685473
2.321994051190575
2.3304675213463364
2.3388491030339558
2.3471483178230033
2.3553658977123395
2.3635014448906753
2.37155455542783
2.3795248192225413
2.3874118199507564
2.3952151350144626
2.402934335491122
2.4105573654614156
2.418095330241475
2.425547875140104
2.4329145479315546
2.4401948898732657
2.447388435661509
2.454494713388092
2.4615132444982124
2.4684435437495362
2.4752808699228748
2.4820222206972296
2.488673888568222
2.4952353640516085
2.501706130847597
2.5080856658100243
2.5143734389173775
2.520568913245786
2.5266715449440884
2.5326807832110805
2.5385960702750885
2.5444099661388284
2.550125734690125
2.5557459169867753
2.561269930637016
2.5666971862717576
2.5720270875406337
2.5772590311112005
2.582392406671417
2.5874265969355568
2.592360977653693
2.597194917624919
2.601927778714446
2.6065586494164856
2.611079110787524
2.61549666127841
2.619810639204229
2.6240203761423198
2.6281251969748283
2.632124419936173
2.636017356665613
2.639803312265064
2.6434815853623754
2.64705146818021
2.6505122466107354
2.653863200296293
2.657103602716229
2.6602327212800763
2.66324981742727
2.666154146733578
2.6689449590244423
2.6716198394531694
2.67417628174084
2.6766171199587965
2.678941586524781
2.681148908786186
2.6832383091750867
2.685209005371321
2.687060210473799
2.688791133180214
2.690400977975332
2.6918889453280404
2.6932542318973067
2.6944960307472345
2.695613531571361
2.6966059209263644
2.697472382475329
2.6982120972407175
2.698824243867189
2.6993079988944033
2.699662537039935
2.6998870314924237
2.69998065421507
2.6999425762595903
2.6997719680907126
2.6994679999213242
2.6990298420583225
2.698456665259258
2.6977476410998182
2.6969019423521887
2.6959187433743446
2.694797220510267
2.693536552501118
2.692135920907346
2.6905945105417057
2.6889115099131713
2.687086111681663
2.6851175131235463
2.6830049166078
2.6807475300827583
2.6783445675733133
2.675795249688421
2.673098804138779
2.6702533420404513
2.6672539319194257
2.6641048017794984
2.6608052133030813
2.657354438256581
2.6537517590711195
2.6499964694316054
2.6460878748738255
2.6420252933891892
2.637808056036739
2.633435507562018
2.6289070070223683
2.624221928418202
2.619379661329758
2.61437961155886
2.60922120177513
2.603898596188721
2.5984103139172094
2.5927617500227598
2.5869524060188103
2.5809818038965586
2.574849486787968
2.5685550196285276
2.5620979898190277
2.555478007885622
2.5486947081374214
2.5417477493208307
2.53462511478483
2.527335269099901
2.5198806578925748
2.512261052703076
2.5044762530394173
2.4965260869919716
2.4884104118383976
2.4801291146380033
2.4716802192567457
2.463050871625253
2.454255579792393
2.4452943668802636
2.436167288871257
2.4268744351123046
2.417415928801659
2.407791927457313
2.3979935043863754
2.3880210978714698
2.3778837996677464
2.3675819222954115
2.3571158148471487
2.3464858633156536
2.335692490896397
2.3247250119418243
2.313587400413296
2.3022878732001892
2.29082701956455
2.279205467203093
2.267423882370473
2.2554801948338286
2.243361556617548
2.2310852081484907
2.2186519858034153
2.206062764686707
2.193318458550293
2.1804196339958
2.167349001434401
2.1541264305941183
2.1407530034644964
2.127229839688565
2.113558096268205
2.0997367902027735
2.085752966379686
2.071624510898611
2.057352740819371
2.0429390083796193
2.028384700489497
2.0136849095085254
1.9988361222568152
1.9838514539670555
1.9687324372294013
1.9534806360025196
1.9380976449170695
1.9225739448469343
1.9069171260509619
1.8911344735137072
1.8752277075414314
1.8591985748355224
1.8430488476388593
1.8267651369959472
1.810364852400195
1.7938498805306369
1.777222094686467
1.7604833886829532
1.7436317590408088
1.7266634920272852
1.709590574637411
1.692414978347651
1.6751386897073177
1.6577637093202393
1.6402864787209182
1.6227085633158054
1.6050385267853895
1.5872784179996513
1.5694302942257017
1.5514962200973945
1.5334735288537182
1.5153640785904023
1.4971754027775068
1.4789095846307603
1.4605687091634512
1.4421548621965523
1.4236684061199352
1.4051070297682262
1.3864794170881292
1.3677876440710888
1.3490337823108018
1.3302198980995288
1.3113480515407638
1.2924168573065304
1.273429555202456
1.254390873287326
1.23530283231819
1.2161674423533053
1.1969867019908718
1.1777625976290154
1.1584955859248511
1.1391868335290198
1.1198409936487215
1.1004599888339068
1.0810457258225163
1.0616000949503388
1.042124969584557
1.0226222055811376
1.003092909589301
0.9835383409711576
0.9639619183563618
0.9443654130948799
0.9247505765423493
0.9051191396750564
0.8854728127286032
0.8658132848601184
0.8461422238338173
0.8264612757297057
0.8067715959780634
0.787075421138982
0.7673743949104416
0.7476700641083454
0.7279639527430642
0.7082575618720498
0.688552369473091
0.6688498303377836
0.6491513759848094
0.6294584145925683
0.6097723309507279
0.5900944864302139
0.5704266241475952
0.5507699928176383
0.5311256601290095
0.5114948845431313
0.4918789013193955
0.4722789225923187
0.452696137463292
0.4331317121064117
0.4135867898878559
0.3940624914983096
0.37455991509789033
0.3550801364730741
0.3356242092050974
0.31619316484932275
0.29678801312505065
0.2774097421152846
0.25805931847592906
0.23873768765394932
0.21944577411397714
0.20018448157289748
0.1809546932419392
0.16175727207578952
0.14259306102829553
0.12346288331427425
0.10436754267701927
0.08530782366104647
0.06628449188967465
0.04729829434701272
0.028349959663972527
0.009440198407888685
-0.009430296624612255
-0.02826085011187211
-0.04705080390895944
-0.06579951674725645
-0.08450636393223428
-0.10317073703971537
-0.12179204361096903
-0.1403697068469151
-0.15890316530175558
-0.17739187257629038
-0.19583529701121175
-0.2142329213806171
-0.23258424258600952
-0.2508887713510027
-0.26914603191697417
-0.28735556173988264
-0.3055169111884405
-0.3236296432438613
-0.3416933332013506
-0.35970756837352685
-0.3776719477959342
-0.39558608193480366
-0.41344959239721657
-0.4312621116438088
-0.44902328270413067
-0.46673275889481003
-0.48439020354060786
-0.5019952896984847
-0.519547699884768
-0.5370471258055124
-0.554493268090134
-0.5718858360283846
-0.5892231837308151
-0.6065039677039479
-0.6237301889335012
-0.6409015886236685
-0.6580179154577682
-0.6750789253532065
-0.6920843812201591
-0.7090340527239669
-0.7259277160512951
-0.7427651536800567
-0.759546154153114
-0.7762705118557603
-0.792938026796986
-0.8095485043945253
-0.8261011290291983
-0.8425913743082967
-0.8590238611174557
-0.8753984152417358
-0.8917148668978815
-0.9079730505390337
-0.9241728046631443
-0.9403139716250598
-0.9563963974522429
-0.9724199316640871
-0.9883844270947916
-1.0042897397197503
-1.0201310380427375
-1.0359104718230978
-1.0516301471303295
-1.0672899321049951
-1.0828896972260043
-1.0984293151550837
-1.1139086605844797
-1.1293276100878304
-1.1446860419741531
-1.1599838361448904
-1.175215767557835
-1.190383706232392
-1.2054905035592203
-1.2205360458992125
-1.2355202205319689
-1.2504429155284926
-1.2653040196265635
-1.280103422108739
-1.2948410126828922
-1.3095127881363517
-1.324117279474583
-1.3386594879581035
-1.3531393053760754
-1.3675566233686836
-1.3819113333207629
-1.3962033262575642
-1.4104324927426108
-1.4245987227775665
-1.4386941221289393
-1.4527241535963953
-1.4666907840443937
-1.4805939017768601
-1.4944333940440813
-1.5082091469529675
-1.5219210453789354
-1.5355689728793371
-1.5491472357024305
-1.5626562336507517
-1.5761007827193987
-1.5894807618330937
-1.602796048165536
-1.616046517060955
-1.6292320419568374
-1.6423524943077767
-1.6554018057907232
-1.6683805216469925
-1.6812936575528252
-1.6941410777140435
-1.7069226439669958
-1.7196382157084147
-1.7322876498260649
-1.7448708006301201
-1.7573792202207155
-1.769817676461687
-1.782189298075488
-1.7944939297629783
-1.8067314132960013
-1.818901587452924
-1.83100428795462
-1.843039320441946
-1.8549945816773976
-1.8668817692908664
-1.8787007074983042
-1.8904512171299221
-1.9021331155690098
-1.9137462166909571
-1.9252903308024467
-1.9367612032435426
-1.9481544613347301
-1.9594780648859422
-1.9707318106778733
-1.9819154916133261
-1.9930288966580336
-2.0040718107814763
-2.0150440148976703
-2.0259372481678297
-2.036754849150629
-2.0475009938015476
-2.0581754476142002
-2.0687779717311954
-2.079308322885781
-2.08976625334335
-2.1001515108428066
-2.110452740472069
-2.1206792651575337
-2.1308322813424634
-2.140911519557471
-2.1509167055220857
-2.160847560086695
-2.1707037991743126
-2.1804851337222
-2.190178964663715
-2.1997970066868247
-2.209339209752089
-2.2188052659032462
-2.2281948619250147
-2.2375076792855357
-2.2467433940787402
-2.2559016769666553
-2.2649715608788727
-2.2739615188910958
-2.282873002854563
-2.291705662969828
-2.3004591437474637
-2.309133083952086
-2.3177271165464863
-2.3262408686359226
-2.334669005207876
-2.3430088901653203
-2.3512673368505435
-2.3594439504919933
-2.3675383302254858
-2.3755500690417946
-2.383478753734695
-2.3913239648495117
-2.399085276632254
-2.406756490165593
-2.414336997325844
-2.4218323082878666
-2.429241974067374
-2.4365655391858208
-2.443802541625542
-2.450952512785918
-2.458014977440646
-2.4649894536961936
-2.4718754529515237
-2.4786627240955603
-2.485359296679046
-2.4919659324669934
-2.498482118571352
-2.504907335272883
-2.511241055991251
-2.5174827472570125
-2.5236318686856336
-2.5296878729536343
-2.5356502057769816
-2.5415164171088995
-2.547279762569205
-2.552947810356302
-2.5585199815646726
-2.5639956903145737
-2.569374343746577
-2.574655342019176
-2.5798380783096078
-2.584921938818029
-2.589906302775199
-2.5947905424538087
-2.5995740231836244
-2.6042561033705836
-2.608831702870975
-2.613300791089912
-2.6176666384309284
-2.6219285798352203
-2.6260859435269053
-2.6301380510580197
-2.634084217358507
-2.6379237507913897
-2.6416559532132955
-2.645280120040511
-2.648795540320746
-2.6522014968107923
-2.655497266060243
-2.6586821185014893
-2.661755318546134
-2.6647161246880477
-2.6675637896132285
-2.670297560316667
-2.6729124633339656
-2.675411199211825
-2.677793947872015
-2.6800599391782196
-2.6822083980002955
-2.6842385443733043
-2.686149593664685
-2.687940756749742
-2.689611240195627
-2.6911602464539826
-2.692586974062426
-2.693890617855037
-2.695070369182014
-2.696125416138658
-2.6970549438038396
-2.697858134488097
-2.6985341679915194
-2.6990822218715356
-2.6995014717207613
-2.6997910914550167
-2.6999502536116333
-2.6999781296581684
-2.699873890311619
-2.699636705868231
-2.6992657465439933
-2.698760182825873
-2.698119185833875
-2.6973419276939574
-2.6964275819218564
-2.6953753238178395
-2.6941843308723974
-2.6928537831828883
-2.6913828638811053
-2.689770759571746
-2.688016660781742
-2.6861197624203808
-2.684079264250148
-2.6818943713682017
-2.6795642946983573
-2.6770882514934615
-2.6744654658480034
-2.671695169220802
-2.6687723054592487
-2.6656981282262713
-2.6624738605910583
-2.6590987692059644
-2.655572131096634
-2.6518932342469372
-2.648061378192102
-2.6440758746196673
-2.6399360479779195
-2.6356412360913803
-2.631190790782948
-2.6265840785022343
-2.621820480959646
-2.616899395765704
-2.6118202370750963
-2.606582436234921
-2.6011744583186336
-2.595606098800441
-2.5898772058977393
-2.5839872912799806
-2.5779358874258693
-2.5717225482863304
-2.5653468499468715
-2.558808391288593
-2.5521067946471128
-2.5452417064686292
-2.5382083294442794
-2.531000772278426
-2.5236285741135047
-2.5160914927390885
-2.5083893136019055
-2.5005218504249096
-2.49248894581714
-2.484290471873478
-2.475926330763408
-2.4673862886418263
-2.4586739680530014
-2.4497957107484924
-2.4407515562164597
-2.431541577059605
-2.422165879490798
-2.41262460381079
-2.402917785512214
-2.393027930703376
-2.38297304155136
-2.372753412420487
-2.3623693740747425
-2.351821294017403
-2.3411095768062866
-2.3302329256525254
-2.3191764809696283
-2.3079578403376035
-2.2965775738565433
-2.2850362899885766
-2.273334635695831
-2.261473296548871
-2.2494406402665037
-2.2372430447994667
-2.2248881524233277
-2.212376818886662
-2.1997099386296486
-2.1868884446878627
-2.173903376146084
-2.1607566415605057
-2.1474585049669965
-2.1340100672166247
-2.120412466670719
-2.106666878889879
-2.092763038177402
-2.0787067361103486
-2.064506456487618
-2.050163534019178
-2.0356793383440257
-2.0210552735094245
-2.006277595555486
-1.991360678197984
-1.9763086421339664
-1.9611230357232285
-1.9458054383491676
-1.9303546364189594
-1.9147613711317788
-1.8990414221093497
-1.8831964961468441
-1.8672283268534855
-1.851138673809402
-1.8349216920044444
-1.8185794468609722
-1.802121585785506
-1.7855499714615233
-1.7688664875660656
-1.7520730378113272
-1.735160829431875
-1.718139991777275
-1.7010154875370513
-1.6837892958509952
-1.6664634104233402
-1.6490398385015388
-1.6315091638571753
-1.6138849323457825
-1.5961696030299644
-1.578365229107187
-1.560473871656586
-1.542497598609813
-1.5244288370192638
-1.5062795137304643
-1.488052006213016
-1.4697483987057616
-1.4513707767489519
-1.4329212261993476
-1.4143961273813501
-1.395801373127387
-1.3771414210333803
-1.3584183450058518
-1.3396342140997375
-1.3207910916227787
-1.3018906067094265
-1.2829297554248664
-1.2639165101822671
-1.24485289679609
-1.225740930770455
-1.2065826165274336
-1.1873799466563448
-1.1681349011845434
-1.148845966422903
-1.1295184290015414
-1.1101547673093832
-1.0907568960656169
-1.0713267138793992
-1.0518661026715361
-1.032376927119932
-1.012861034128947
-0.993318468509195
-0.9737527502400253
-0.9541660661234831
-0.9345601775619855
-0.9149368257681393
-0.8952977313915778
-0.8756445941694296
-0.8559790926002148
-0.8363028836410219
-0.816617374551705
-0.796924212544582
-0.7772254172397657
-0.757522546794106
-0.7378171366404688
-0.7181106993298858
-0.6984047243945498
-0.678700678231221
-0.6590000040046579
-0.6393041215706278
-0.6196144274180593
-0.5999322946298661
-0.5802591521739862
-0.5605968507144202
-0.5409462099447198
-0.5213084999515497
-0.5016849675866046
-0.4820768365362713
-0.4624853074061443
-0.44291155781987634
-0.42335674253185585
-0.4038219935531694
-0.38430842029033985
-0.3648171096963174
-0.34534912643321275
-0.32590551304623805
-0.306487290148366
-0.28709545661517843
-0.2677309897894009
-0.24839484569466505
-0.22908795925793324
-0.2098112445401589
-0.19056559497468897
-0.171351883612918
-0.15217096337675937
-0.133023667317452
-0.11391080888027562
-0.09483318217473248
-0.07579156224975474
-0.05678670537354685
-0.037819349317633214
-0.01889021364472412
-6.613092715395707e-16
