0.0
0.004399693061769894
0.008799366811460936
0.013199001937079052
0.017598579126799685
0.021998079069052615
0.02639748245260665
0.03079676996665447
0.03519592230089735
0.0395949201456299
0.043993744191824884
0.048392375131217906
0.05279079365639222
0.05718898046086345
0.06158691623916432
0.06598458168692944
0.07038195750098
0.07477902437940852
0.07917576302166353
0.08357215412863435
0.08796817840273584
0.0923638165479929
0.09675904927012545
0.10115385727663291
0.10554822127687896
0.1099421219821762
0.11433554010587088
0.11872845636342741
0.12312085147251314
0.127512706153083
0.13190400112746403
0.13629471712044008
0.14068483485933636
0.1450743350741041
0.1494631984974051
0.15385140586469628
0.1582389379143143
0.16262577538755993
0.16701189902878294
0.1713972895854663
0.1757819278083107
0.18016579445131928
0.18454887027188197
0.18893113603085976
0.1933125724926696
0.19769316042536833
0.20207288060073747
0.20645171379436755
0.21082964078574218
0.2152066423583229
0.21958269929963325
0.22395779240134311
0.2283319024593531
0.2327050102738787
0.23707709664953477
0.24144814239541965
0.2458181283251995
0.2501870352571925
0.2545548440144526
0.25892153542485474
0.2632870903211778
0.26765148954118956
0.27201471392773047
0.27637674432879783
0.2807375615976299
0.2850971465927898
0.28945548017824946
0.2938125432234743
0.29816831660350596
0.3025227811990474
0.3068759178965464
0.3112277075882792
0.3155781311724347
0.3199271695531984
0.32427480364083566
0.32862101435177626
0.33296578260869736
0.3373090893406081
0.34165091548293247
0.3459912419775937
0.3503300497730973
0.3546673198246152
0.359003033094069
0.36333717055021375
0.3676697131687213
0.37200064193226406
0.3763299378305982
0.38065758186064724
0.3849835550265854
0.389307838339921
0.3936304128195799
0.39795125949198884
0.4022703593911584
0.40658769355876656
0.41090324304424186
0.4152169889048464
0.41952891220575944
0.42383899402016
0.4281472154293101
0.43245355752263814
0.4367580013978213
0.44106052816086866
0.445361118926205
0.4496597548167526
0.453956416964014
0.45825108650815627
0.46254374459809205
0.46683437239156367
0.47112295105522484
0.4754094617647239
0.4796938857047865
0.48397620406929753
0.48825639806138454
0.49253444889349984
0.4968103377875026
0.5010840459747421
0.5053555546961388
0.5096248452022688
0.513891898753444
0.5181566966197952
0.5224192200813547
0.5266794504281378
0.5309373689602258
0.5351929569878466
0.5394461958314585
0.5436970668218308
0.5479455513001266
0.5521916306179842
0.5564352861375993
0.5606764992318063
0.5649152512841614
0.5691515236890218
0.5733852978516303
0.5776165551881949
0.5818452771259706
0.5860714451033424
0.5902950405699046
0.5945160449865439
0.5987344398255203
0.6029502065705477
0.6071633267168766
0.6113737817713738
0.6155815532526047
0.6197866226909141
0.6239889716285068
0.6281885816195291
0.6323854342301498
0.6365795110386415
0.64077079363546
0.6449592636233265
0.6491449026173077
0.6533276922448973
0.6575076141460955
0.6616846499734901
0.6658587813923373
0.6700299900806421
0.6741982577292384
0.6783635660418692
0.6825258967352681
0.6866852315392377
0.6908415521967316
0.6949948404639333
0.6991450781103371
0.7032922469188272
0.7074363286857586
0.7115773052210366
0.7157151583481963
0.7198498699044835
0.7239814217409324
0.7281097957224483
0.7322349737278833
0.7363569376501198
0.7404756693961472
0.7445911508871422
0.748703364058549
0.752812290860157
0.7569179132561813
0.761020213225341
0.765119172760939
0.7692147738709408
0.7733069985780535
0.7773958289198044
0.7814812469486199
0.7855632347319048
0.7896417743521207
0.7937168479068644
0.7977884375089468
0.8018565252864713
0.8059210933829125
0.8099821239571937
0.8140395991837666
0.8180935012526884
0.8221438123697
0.8261905147563054
0.8302335906498484
0.8342730223035904
0.8383087919867899
0.8423408819847784
0.8463692745990397
0.850393952147287
0.8544148969635396
0.858432091398202
0.8624455178181407
0.8664551586067617
0.870460996164087
0.8744630129068331
0.8784611912684881
0.8824555136993871
0.8864459626667919
0.8904325206549651
0.8944151701652496
0.8983938937161435
0.9023686738433782
0.9063394930999937
0.9103063340564166
0.9142691793005353
0.9182280114377774
0.9221828130911859
0.926133566901495
0.9300802555272059
0.9340228616446647
0.9379613679481368
0.9418957571498836
0.9458260119802377
0.9497521151876797
0.9536740495389132
0.9575917978189403
0.9615053428311382
0.9654146673973333
0.9693197543578778
0.9732205865717245
0.9771171469165012
0.9810094182885878
0.9848973836031899
0.988781025794414
0.9926603278153427
0.9965352726381094
1.0004058432539729
1.0042720226733928
1.0081337939261024
1.0119911400611858
1.015844044147149
1.0196924892719974
1.0235364585433084
1.027375935088305
1.031210902053931
1.035041342606925
1.0388672399338938
1.0426885772413863
1.046505337755967
1.0503175047242896
1.0541250614131712
1.0579279911096653
1.0617262771211355
1.065519902775328
1.0693088514204445
1.073093106425218
1.0768726511789823
1.0806474690917467
1.0844175435942685
1.0881828581381263
1.091943396195792
1.0956991412607033
1.0994500768473363
1.1031961864912776
1.106937453749298
1.110673862199422
1.1144053954410025
1.1181320370947914
1.1218537708030123
1.1255705802294305
1.1292824490594269
1.1329893610000694
1.1366912997801824
1.1403882491504203
1.1440801928833384
1.1477671147734627
1.1514489986373633
1.1551258283137236
1.1587975876634125
1.1624642605695537
1.1661258309375988
1.1697822826953952
1.1734335997932588
1.1770797662040435
1.180720765923212
1.1843565829689047
1.1879872013820119
1.1916126052262428
1.1952327785881949
1.1988477055774251
1.2024573703265187
1.2060617569911587
1.209660849750196
1.2132546328057194
1.2168430903831227
1.2204262067311764
1.2240039661220963
1.2275763528516115
1.2311433512390335
1.2347049456273262
1.2382611203831742
1.2418118598970496
1.2453571485832833
1.2488969708801325
1.2524313112498473
1.2559601541787413
1.2594834841772584
1.2630012857800403
1.2665135435459969
1.2700202420583702
1.2735213659248052
1.2770168997774165
1.2805068282728553
1.2839911360923768
1.2874698079419078
1.2909428285521143
1.2944101826784662
1.297871855101309
1.3013278306259242
1.304778094082602
1.308222630326703
1.311661424238729
1.315094460724386
1.3185217247146523
1.321943201165843
1.3253588750596785
1.3287687314033487
1.3321727552295788
1.3355709315966955
1.3389632455886917
1.342349682315294
1.3457302269120266
1.349104864540275
1.3524735803873553
1.3558363596665748
1.3591931876172996
1.362544049505019
1.3658889306214093
1.3692278162843987
1.3725606918382334
1.3758875426535382
1.379208354127384
1.3825231116833523
1.3858318007715953
1.3891344068689042
1.3924309154787693
1.395721312131447
1.3990055823840202
1.4022837118204634
1.405555686051707
1.4088214907156975
1.412081111477463
1.4153345340291748
1.418581744090212
1.4218227274072204
1.4250574697541805
1.4282859569324646
1.4315081747709038
1.4347241091258456
1.43793374588122
1.4411370709485984
1.4443340702672585
1.447524729804243
1.4507090355544232
1.4538869735405595
1.4570585298133636
1.4602236904515573
1.463382441561938
1.4665347692794366
1.469680659767177
1.4728200992165417
1.475953073847227
1.4790795699073076
1.4821995736732938
1.4853130714501952
1.4884200495715774
1.4915204943996236
1.4946143923251953
1.4977017297678903
1.5007824931761027
1.5038566690270845
1.5069242438270005
1.5099852041109925
1.5130395364432356
1.5160872274169976
1.5191282636546972
1.5221626318079653
1.5251903185577
1.5282113106141275
1.5312255947168603
1.5342331576349544
1.5372339861669673
1.540228067141018
1.5432153874148424
1.5461959338758509
1.5491696934411894
1.5521366530577925
1.5550967997024427
1.5580501203818284
1.5609966021325987
1.5639362320214234
1.5668689971450456
1.5697948846303436
1.5727138816343809
1.5756259753444697
1.5785311529782218
1.5814294017836061
1.5843207090390066
1.5872050620532758
1.5900824481657905
1.5929528547465093
1.595816269196026
1.5986726789456274
1.601522071457344
1.6043644342240104
1.607199754769317
1.6100280206478645
1.6128492194452209
1.6156633387779724
1.6184703662937827
1.6212702896714426
1.624063096620926
1.6268487748834448
1.6296273122315008
1.63239869646894
1.6351629154310068
1.6379199569843965
1.6406698090273113
1.6434124594895074
1.6461478963323541
1.6488761075488845
1.651597081163847
1.6543108052337585
1.6570172678469584
1.6597164571236585
1.6624083612159972
1.665092968308091
1.6677702666160839
1.6704402443882025
1.673102889904807
1.6757581914784412
1.6784061374538835
1.6810467162082012
1.6836799161507974
1.6863057257234648
1.6889241334004357
1.6915351276884318
1.694138697126716
1.6967348302871408
1.6993235157742013
1.701904742225081
1.7044784983097077
1.7070447727307956
1.7096035542239023
1.7121548315574744
1.714698593532896
1.71723482898454
1.7197635267798166
1.722284675819222
1.724798265036387
1.7273042833981238
1.7298027199044794
1.7322935635887784
1.7347768035176734
1.7372524287911948
1.7397204285427952
1.7421807919394001
1.7446335081814526
1.7470785665029636
1.7495159561715572
1.7519456664885187
1.7543676867888411
1.7567820064412714
1.7591886148483602
1.761587501446503
1.7639786557059915
1.7663620671310567
1.7687377252599177
1.7711056196648238
1.7734657399521045
1.7758180757622126
1.7781626167697693
1.7804993526836113
1.7828282732468343
1.7851493682368402
1.7874626274653798
1.789768040778597
1.7920655980570774
1.7943552892158885
1.7966371042046245
1.7989110330074531
1.8011770656431567
1.8034351921651783
1.8056854026616622
1.8079276872555017
1.8101620361043786
1.8123884394008085
1.8146068873721837
1.8168173702808148
1.819019878423975
1.8212144021339427
1.8234009317780413
1.8255794577586855
1.8277499705134206
1.8299124605149648
1.832066918271253
1.8342133343254745
1.8363516992561202
1.8384820036770169
1.840604238237376
1.842718393621828
1.8448244605504691
1.846922429778896
1.849012292098251
1.8510940383352623
1.8531676593522806
1.8552331460473228
1.857290489354111
1.8593396802421112
1.8613807097165742
1.8634135688185745
1.8654382486250491
1.86745474024884
1.8694630348387271
1.8714631235794719
1.873454997691855
1.8754386484327148
1.877414067094984
1.879381245007731
1.8813401735361954
1.8832908440818261
1.8852332480823215
1.8871673770116635
1.8890932223801578
1.8910107757344705
1.892920028657663
1.894820972769232
1.8967135997251463
1.8985979012178782
1.9004738689764484
1.9023414947664552
1.9042007703901134
1.9060516876862912
1.9078942385305449
1.9097284148351528
1.911554208549155
1.913371611658384
1.9151806161855043
1.9169812141900442
1.9187733977684316
1.9205571590540282
1.9223324902171668
1.9240993834651807
1.9258578310424426
1.9276078252303972
1.9293493583475925
1.9310824227497174
1.9328070108296336
1.9345231150174067
1.9362307277803437
1.9379298416230244
1.9396204490873323
1.94130254275249
1.94297611523509
1.9446411591891275
1.9462976673060342
1.9479456323147082
1.9495850469815477
1.9512159041104806
1.9528381965429986
1.954451917158187
1.9560570588727555
1.9576536146410717
1.959241577455189
1.9608209403448802
1.9623916963776664
1.9639538386588467
1.9655073603315303
1.9670522545766658
1.9685885146130722
1.9701161336974662
1.9716351051244927
1.973145422226756
1.9746470783748475
1.9761400669773765
1.9776243814809948
1.9791000153704306
1.9805669621685142
1.9820252154362072
1.9834747687726313
1.984915615815095
1.9863477502391222
1.9877711657584811
1.9891858561252098
1.9905918151296453
1.9919890366004505
1.9933775144046404
1.9947572424476085
1.9961282146731572
1.9974904250635195
1.9988438676393891
2.0001885364599445
2.0015244256228764
2.0028515292644125
2.004169841559345
2.0054793567210534
2.0067800690015316
2.0080719726914156
2.0093550621200014
2.010629331655278
2.0118947757039485
2.0131513887114525
2.014399165161995
2.015638099578566
2.016868186522969
2.0180894205958424
2.0193017964366824
2.020505308723867
2.021699952174684
2.0228857215453453
2.0240626116310176
2.025230617265842
2.0263897333229575
2.0275399547145216
2.028681276391736
2.0298136933448654
2.0309372006032635
2.0320517932353885
2.033157466348832
2.0342542150903364
2.035342034645814
2.036420920240376
2.0374908671383443
2.038551870643278
2.0396039260979926
2.04064702888458
2.041681174424429
2.042706358178246
2.0437225756460737
2.0447298223673114
2.045728093920736
2.04671738592452
2.047697694036248
2.048669013952943
2.049631341411077
2.0505846721865972
2.051529002094938
2.052464326991044
2.0533906427693855
2.0543079453639788
2.0552162307484014
2.056115494935812
2.057005733978967
2.057886943970238
2.058759121041628
2.0596222613647903
2.0604763611510437
2.06132141665139
2.0621574241565295
2.0629843799968786
2.063802280542584
2.064611122203542
2.065410901429411
2.0662016147096263
2.066983258573421
2.0677558295898346
2.068519324367733
2.0692737395558205
2.0700190718426557
2.070755317956665
2.07148247466616
2.072200538779348
2.072909507144347
2.0736093766492005
2.0743001442218914
2.074981806830353
2.0756543614824863
2.0763178052261697
2.076972135149273
2.077617348379671
2.0782534420852548
2.0788804134739447
2.079498259793702
2.0801069783325463
2.0807065664185562
2.081297021419892
2.081878340744801
2.0824505218416323
2.083013562198844
2.0835674593450206
2.084112210848876
2.0846478143192697
2.085174267405217
2.0856915677958954
2.0861997132206596
2.0866987014490483
2.087188530290795
2.087669197595838
2.0881407012543285
2.0886030391966415
2.0890562093933838
2.089500209855403
2.0899350386337976
2.090360693819923
2.0907771735454017
2.091184475982132
2.0915825993422943
2.09197154187836
2.092351301883099
2.0927218776895864
2.0930832676712114
2.0934354702416837
2.0937784838550395
2.09411230700565
2.0944369382282275
2.0947523760978295
2.0950586192298695
2.0953556662801187
2.0956435159447144
2.095922166960165
2.0961916181033553
2.096451868191553
2.0967029160824118
2.0969447606739786
2.0971774009046973
2.097400835753413
2.0976150642393776
2.0978200854222533
2.0980158984021173
2.098202502319465
2.0983798963552136
2.098548079730709
2.098707051707722
2.09885681158846
2.0989973587155655
2.0991286924721178
2.0992508122816393
2.0993637176080937
2.0994674079558946
2.099561882869901
2.0996471419354243
2.0997231847782256
2.0997900110645222
2.0998476205009857
2.099896012834744
2.099935187853384
2.0999651453849495
2.0999858852979445
2.0999974075013332
2.09999971194454
2.0999927986174494
2.0999766675504064
2.099951318814218
2.099916752520149
2.099872968819927
2.099819967905735
2.0997577500102182
2.0996863154064744
2.099605664408061
2.099515797368988
2.09941671468372
2.0993084167871716
2.099190904154707
2.099064177302139
2.0989282367857225
2.098783083202158
2.098628717188585
2.0984651394225797
2.0982923506221525
2.0981103515457455
2.097919142992228
2.0977187258008945
2.0975091008514575
2.0972902690640494
2.0970622313992133
2.096824988857901
2.0965785424814687
2.0963228933516715
2.0960580425906605
2.0957839913609737
2.0955007408655377
2.095208292347656
2.0949066470910056
2.094595806419633
2.0942757716979474
2.093946544330714
2.093608125763048
2.093260517480409
2.0929037210085952
2.092537737913732
2.092162569802273
2.091778218320986
2.0913846851569495
2.090981972037544
2.0905700807304437
2.090149013043612
2.0897187708252876
2.089279355963984
2.088830770388474
2.088373016067787
2.087906095011197
2.0874300092682128
2.0869447609285734
2.0864503521222346
2.0859467850193627
2.0854340618303215
2.084912184805667
2.0843811562361334
2.083840978452626
2.083291653826208
2.0827331847680943
2.082165573729638
2.081588823202318
2.0810029357177324
2.0804079138475853
2.0798037602036734
2.0791904774378778
2.0785680682421517
2.077936535348508
2.0772958815290052
2.07664610959574
2.07598722240083
2.0753192228364057
2.074642113834593
2.0739558983675064
2.073260579447229
2.072556160125804
2.0718426434952204
2.071120032687399
2.070388330874179
2.069647541267302
2.0688976671184025
2.068138711718988
2.06737067840043
2.0665935705339447
2.0658073915305812
2.0650121448412055
2.064207833956485
2.0633944624068747
2.0625720337626
2.061740551633641
2.060900019669717
2.0600504415602736
2.0591918210344597
2.058324161861119
2.0574474678487666
2.0565617428455774
2.0556669907393643
2.0547632154575663
2.0538504209672297
2.0529286112749863
2.0519977904270426
2.0510579625091574
2.050109131646625
2.049151302004259
2.0481844777863696
2.0472086632367517
2.0462238626386577
2.0452300803147887
2.0442273206272654
2.043215587977618
2.042194886806761
2.0411652215949747
2.040126596861887
2.0390790171664523
2.038022487106935
2.036957011320882
2.035882594485109
2.034799241315678
2.033706956567875
2.032605745036192
2.031495611554303
2.0303765609950437
2.029248598270393
2.0281117283314467
2.026965956168398
2.0258112868105185
2.024647725326129
2.0234752768225848
2.022293946446249
2.021103739382471
2.0199046608555626
2.0186967161287788
2.0174799105042895
2.016254249323159
2.0150197379653236
2.013776381849566
2.012524186433492
2.0112631572135076
2.0099932997247922
2.008714619541278
2.0074271222756233
2.0061308135791873
2.0048256991420077
2.0035117846927726
2.0021890759987984
2.000857578866003
1.999517299138878
1.9981682427004697
1.996810415472345
1.995443823414572
1.99406847252569
1.9926843688426852
1.9912915184409625
1.9898899274343216
1.9884796019749262
1.9870605482532802
1.985632772498199
1.9841962809767835
1.9827510799943915
1.9812971758946094
1.979834575059225
1.9783632839082022
1.9768833088996467
1.9753946565297835
1.9738973333329262
1.972391345881448
1.9708767007857517
1.9693534046942445
1.9678214642933038
1.9662808863072532
1.9647316774983279
1.963173844666649
1.9616073946501906
1.960032334324753
1.9584486706039281
1.9568564104390749
1.9552555608192836
1.9536461287713467
1.9520281213597297
1.9504015456865398
1.9487664088914918
1.9471227181518795
1.9454704806825445
1.943809703735842
1.9421403946016116
1.9404625606071442
1.9387762091171497
1.9370813475337232
1.9353779832963176
1.9336661238817043
1.931945776803945
1.9302169496143566
1.92847964990148
1.926733885291044
1.9249796634459346
1.9232169920661595
1.921445878888814
1.9196663316880493
1.9178783582750376
1.9160819664979356
1.914277164241852
1.9124639594288126
1.9106423600177274
1.9088123740043514
1.9069740094212522
1.9051272743377754
1.9032721768600083
1.9014087251307417
1.8995369273294416
1.8976567916722025
1.8957683264117224
1.8938715398372583
1.8919664402745922
1.8900530360859993
1.8881313356702025
1.886201347462344
1.8842630799339426
1.8823165415928584
1.8803617409832571
1.8783986866855684
1.8764273873164536
1.874447851528763
1.8724600880115019
1.8704641054897884
1.8684599127248174
1.8664475185138247
1.8644269316900415
1.8623981611226639
1.8603612157168072
1.8583161044134702
1.8562628361894955
1.854201420057528
1.8521318650659806
1.8500541802989878
1.8479683748763716
1.8458744579535962
1.8437724387217325
1.8416623264074161
1.8395441302728046
1.8374178596155408
1.8352835237687084
1.833141132100794
1.8309906940156435
1.828832218952421
1.8266657163855715
1.824491195824772
1.8223086668148971
1.820118138935972
1.8179196218031324
1.8157131250665826
1.8134986584115524
1.8112762315582551
1.8090458542618448
1.8068075363123732
1.8045612875347463
1.8023071177886825
1.800045036968668
1.7977750550039149
1.795497181858316
1.7932114275304012
1.7909178020532965
1.7886163154946746
1.7863069779567156
1.7839897995760605
1.7816647905237666
1.7793319610052643
1.77699132126031
1.7746428815629427
1.7722866522214396
1.7699226435782682
1.7675508660100454
1.765171329927485
1.7627840457753603
1.7603890240324516
1.7579862752115025
1.755575809859176
1.7531576385560044
1.7507317719163455
1.748298220588334
1.7458569952538374
1.7434081066284066
1.7409515654612304
1.7384873825350873
1.7360155686662986
1.733536134704682
1.7310490915335015
1.7285544500694217
1.7260522212624605
1.7235424160959363
1.7210250455864289
1.7185001207837187
1.7159676527707517
1.7134276526635794
1.7108801316113158
1.70832510079609
1.7057625714329911
1.703192554770025
1.7006150620880613
1.6980301047007842
1.6954376939546458
1.6928378412288114
1.6902305579351151
1.6876158555180039
1.6849937454544934
1.682364239254112
1.6797273484588535
1.6770830846431268
1.6744314594137024
1.6717724844096649
1.6691061713023583
1.666432531795338
1.6637515776243168
1.6610633205571155
1.658367772393611
1.6556649449656815
1.6529548501371591
1.6502374998037743
1.647512905893106
1.6447810803645277
1.6420420352091545
1.639295782449794
1.6365423341408873
1.633781702368464
1.631013899250081
1.628238936934775
1.6254568276030088
1.622667583466613
1.6198712167687397
1.6170677397838005
1.6142571648174218
1.6114395042063825
1.6086147703185636
1.6057829755528967
1.6029441323393012
1.6000982531386412
1.5972453504426605
1.5943854367739325
1.591518524685806
1.5886446267623469
1.5857637556182875
1.5828759238989654
1.5799811442802743
1.577079429468602
1.5741707922007786
1.5712552452440223
1.5683328013958762
1.5654034734841618
1.5624672743669135
1.5595242169323278
1.5565743140987058
1.5536175788143949
1.5506540240577342
1.5476836628369939
1.5447065081903244
1.5417225731856914
1.5387318709208242
1.5357344145231568
1.5327302171497688
1.5297192919873308
1.5267016522520402
1.523677311189573
1.520646282075016
1.5176085782128133
1.5145642129367096
1.5115131996096853
1.508455551623907
1.505391282400659
1.5023204053902899
1.4992429340721554
1.4961588819545528
1.493068262574668
1.489971089498511
1.4868673763208609
1.4837571366652023
1.4806403841836675
1.4775171325569778
1.4743873954943798
1.4712511867335893
1.4681085200407273
1.4649594092102634
1.4618038680649512
1.4586419104557697
1.4554735502618648
1.452298801390483
1.4491176777769152
1.4459301933844337
1.442736362204229
1.4395361982553534
1.4363297155846535
1.4331169282667129
1.4298978504037883
1.4266724961257493
1.4234408795900133
1.4202030149814864
1.416958916512502
1.4137085984227522
1.4104520749792344
1.4071893604761805
1.4039204692349974
1.4006454156042074
1.3973642139593787
1.3940768787030682
1.3907834242647539
1.3874838651007746
1.384178215694265
1.3808664905550918
1.3775487042197916
1.3742248712515048
1.3708950062399152
1.367559123801181
1.3642172385778757
1.3608693652389197
1.3575155184795185
1.3541557130210984
1.3507899636112388
1.3474182850236125
1.3440406920579144
1.3406571995398018
1.3372678223208292
1.3338725752783782
1.330471473315599
1.3270645313613378
1.3236517643700785
1.3202331873218702
1.3168088152222674
1.3133786631022604
1.3099427460182098
1.3065010790517828
1.3030536773098829
1.2996005559245885
1.2961417300530813
1.292677214877584
1.2892070256052917
1.2857311774683047
1.2822496857235641
1.2787625656527815
1.275269832562374
1.2717715017833968
1.2682675886714758
1.26475810860674
1.2612430769937535
1.2577225092614495
1.2541964208630607
1.2506648272760512
1.2471277440020532
1.2435851865667917
1.2400371705200224
1.2364837114354599
1.2329248249107099
1.229360526567204
1.2257908320501256
1.222215757028347
1.2186353171943543
1.2150495282641862
1.2114584059773568
1.2078619660967922
1.204260224408761
1.2006531967228005
1.197040898871654
1.1934233467111945
1.1898005561203613
1.1861725430010852
1.1825393232782206
1.1789009128994783
1.17525732783535
1.1716085840790442
1.1679546976464106
1.1642956845758734
1.1606315609283597
1.1569623427872289
1.1532880462582022
1.1496086874692917
1.1459242825707314
1.1422348477349022
1.1385403991562648
1.1348409530512886
1.131136525658376
1.1274271332377985
1.123712792071617
1.119993518463618
1.1162693287392362
1.112540239245485
1.1088062663508877
1.1050674264453997
1.1013237359403423
1.097575211268326
1.0938218688831807
1.0900637252598857
1.0863007968944909
1.0825331003040526
1.0787606520265534
1.0749834686208357
1.0712015666665247
1.0674149627639564
1.063623673534109
1.0598277156185225
1.0560271056792332
1.0522218603986948
1.0484119964797072
1.0445975306453463
1.0407784796388837
1.0369548602237215
1.0331266891833097
1.0292939833210824
1.025456759460375
1.0216150344443546
1.0177688251359487
1.0139181484177646
1.0100630211920218
1.0062034603804721
1.0023394829243322
0.9984711057842011
0.9945983459399912
0.9907212203908542
0.9868397461551015
0.9829539402701364
0.9790638197923727
0.9751694017971627
0.9712707033787251
0.9673677416500638
0.963460533742899
0.9595490968075864
0.9556334480130476
0.9517136045466896
0.9477895836143313
0.9438614024401308
0.939929078266504
0.9359926283540552
0.9320520699814954
0.9281074204455722
0.9241586970609889
0.9202059171603301
0.9162490980939895
0.912288257230086
0.9083234119543959
0.90435457967027
0.9003817777985593
0.8964050237775416
0.8924243350628396
0.8884397291273496
0.8844512234611586
0.8804588355714754
0.876462582982547
0.8724624832355831
0.8684585538886836
0.8644508125167545
0.8604392767114373
0.8564239640810272
0.8524048922503968
0.848382078860922
0.8443555415703988
0.8403252980529721
0.8362913659990519
0.8322537631152414
0.8282125071242548
0.8241676157648412
0.8201191067917093
0.8160669979754427
0.8120113071024315
0.8079520519747838
0.8038892504102573
0.7998229202421729
0.7957530793193406
0.7916797455059831
0.7876029366816514
0.7835226707411536
0.7794389655944682
0.7753518391666722
0.7712613093978611
0.767167394243066
0.7630701116721816
0.7589694796698796
0.7548655162355378
0.7507582393831536
0.746647667141269
0.7425338175528937
0.7384167086754188
0.734296358580546
0.7301727853542004
0.7260460070964563
0.7219160419214572
0.7177829079573329
0.7136466233461254
0.7095072062437031
0.7053646748196869
0.7012190472573658
0.6970703417536189
0.6929185765188385
0.688763769776843
0.6846059397648058
0.6804451047331666
0.6762812829455586
0.6721144926787234
0.6679447522224315
0.6637720798794062
0.6595964939652369
0.6554180128083043
0.6512366547496956
0.6470524381431262
0.6428653813548608
0.6386755027636277
0.6344828207605447
0.6302873537490317
0.626089120144736
0.6218881383754467
0.6176844268810152
0.6134780041132779
0.6092688885359683
0.6050570986246432
0.600842652866595
0.5966255697607767
0.5924058678177158
0.5881835655594343
0.5839586815193708
0.5797312342422933
0.5755012422842242
0.5712687242123526
0.5670336986049563
0.562796184051322
0.5585561991516583
0.55431376251702
0.5500688927692206
0.545821608540757
0.5415719284747215
0.5373198712247228
0.5330654554548065
0.5288086998393677
0.5245496230630748
0.520288243820783
0.5160245808174531
0.5117586527680736
0.5074904783975713
0.5032200764407369
0.49894746564213477
0.49467266475602895
0.4903956925462939
0.4861165677863348
0.48183530925900797
0.477551935756532
0.4732664660804128
0.46897891904135347
0.4646893134591795
0.46039766816274896
0.45610400198987344
0.4518083337872374
0.44751068241030983
0.44321106672326793
0.4389095055989086
0.43460601791856807
0.4303006225720413
0.4259933384574939
0.4216841844813851
0.4173731795583784
0.41306034261126534
0.40874569257087645
0.40442924837600047
0.4001110289733042
0.39579105331724296
0.3914693403699849
0.38714590910131963
0.38282077848858337
0.37849396751656833
0.37416549517744296
0.3698353804706703
0.36550364240291944
0.3611702999879883
0.356835372246714
0.35249887820689296
0.34816083690319904
0.343821267377094
0.33948018867675145
0.33513761985696555
0.33079357997907516
0.3264480881108731
0.32210116332652583
0.3177528247064923
0.3134030913374334
0.30905198231213604
0.30469951672942264
0.30034571369407015
0.29599059231672886
0.29163417171383227
0.2872764710075201
0.2829175093255476
0.2785573058012085
0.27419587957324476
0.2698332497857654
0.2654694355881648
0.26110445613503297
0.256738330586078
0.2523710781060352
0.2480027178645901
0.2436332690362879
0.23926275080045195
0.23489118234110265
0.23051858284686638
0.2261449715108989
0.2217703675307947
0.21739479010850524
0.21301825845025768
0.20864079176646405
0.20426240927164416
0.19988313018433418
0.19550297372700937
0.19112195912599342
0.1867401056113767
0.18235743241693475
0.17797395878003724
0.17358970394157125
0.16920468714584885
0.16481892764053058
0.16043244467653417
0.15604525750795298
0.15165738539197418
0.14726884758878767
0.1428796633615091
0.13848985197608882
0.1340994327012299
0.1297084248083066
0.12531684757127304
0.12092472026658627
0.116532062173114
0.11213889257205759
0.10774523074686068
0.1033510959831277
0.0989565075685416
0.09456148479277307
0.09016604694740282
0.08577021332583101
0.08137400322319481
0.07697743593628681
0.07258053076346366
0.06818330700456884
0.06378578396084059
0.059387980934834474
0.05498991723033228
0.050591612152260004
0.04619308500660591
0.04179435510032931
0.03739544174128323
0.0329963642381222
0.028597141900225005
0.024197794037603342
0.01979833996081993
0.015398798980906465
0.010999190409272391
0.006599533557627553
0.00219984773789093
-0.0021998477378913483
-0.00659953355762797
-0.01099919040927374
-0.015398798980906882
-0.01979833996082128
-0.02419779403760376
-0.02859714190022542
-0.03299636423812355
-0.03739544174128365
-0.04179435510033067
-0.04619308500660634
-0.05059161215226136
-0.0549899172303327
-0.05938798093483489
-0.06378578396084192
-0.06818330700456926
-0.07258053076346499
-0.07697743593628725
-0.08137400322319524
-0.08577021332583146
-0.09016604694740325
-0.09456148479277438
-0.09895650756854205
-0.10335109598312905
-0.1077452307468611
-0.112138892572058
-0.11653206217311535
-0.12092472026658668
-0.1253168475712744
-0.129708424808307
-0.13409943270123031
-0.13848985197608926
-0.14287966336150953
-0.147268847588789
-0.15165738539197457
-0.15604525750795437
-0.1604324446765346
-0.164818927640531
-0.16920468714585019
-0.17358970394157164
-0.17797395878003858
-0.18235743241693517
-0.18674010561137805
-0.1911219591259939
-0.1955029737270098
-0.1998831301843355
-0.20426240927164463
-0.2086407917664654
-0.21301825845025812
-0.21739479010850565
-0.2217703675307951
-0.22614497151089935
-0.23051858284686771
-0.23489118234110307
-0.23926275080045328
-0.2436332690362883
-0.24800271786459047
-0.25237107810603654
-0.25673833058607837
-0.26110445613503425
-0.2654694355881652
-0.2698332497857657
-0.2741958795732452
-0.2785573058012089
-0.282917509325549
-0.2872764710075205
-0.29163417171383366
-0.2959905923167293
-0.3003457136940706
-0.3046995167294231
-0.3090519823121365
-0.3134030913374347
-0.31775282470649274
-0.32210116332652716
-0.3264480881108735
-0.33079357997907555
-0.3351376198569669
-0.33948018867675184
-0.3438212673770953
-0.34816083690319943
-0.35249887820689346
-0.35683537224671447
-0.36117029998798866
-0.36550364240292077
-0.3698353804706708
-0.37416549517744413
-0.3784939675165687
-0.3828207784885837
-0.38714590910132096
-0.39146934036998526
-0.3957910533172443
-0.4001110289733047
-0.40442924837600175
-0.4087456925708769
-0.41306034261126573
-0.4173731795583798
-0.42168418448138556
-0.42599333845749526
-0.4303006225720417
-0.4346060179185684
-0.4389095055989091
-0.44321106672326843
-0.44751068241031117
-0.45180833378723784
-0.4561040019898747
-0.4603976681627494
-0.46468931345917996
-0.4689789190413548
-0.4732664660804132
-0.47755193575653326
-0.48183530925900836
-0.4861165677863353
-0.49039569254629445
-0.49467266475602933
-0.498947465642136
-0.5032200764407372
-0.5074904783975727
-0.5117586527680741
-0.5160245808174535
-0.5202882438207834
-0.5245496230630752
-0.528808699839369
-0.533065455454807
-0.537319871224724
-0.5415719284747219
-0.5458216085407573
-0.5500688927692219
-0.5543137625170204
-0.5585561991516597
-0.5627961840513226
-0.5670336986049568
-0.5712687242123531
-0.5755012422842245
-0.5797312342422946
-0.5839586815193711
-0.5881835655594356
-0.5924058678177162
-0.5966255697607773
-0.6008426528665962
-0.6050570986246436
-0.6092688885359695
-0.6134780041132782
-0.6176844268810164
-0.6218881383754471
-0.6260891201447365
-0.630287353749033
-0.6344828207605452
-0.638675502763629
-0.6428653813548612
-0.6470524381431265
-0.651236654749696
-0.6554180128083047
-0.6595964939652381
-0.6637720798794069
-0.6679447522224329
-0.6721144926787238
-0.676281282945559
-0.6804451047331679
-0.6846059397648062
-0.6887637697768443
-0.6929185765188389
-0.6970703417536194
-0.7012190472573661
-0.7053646748196872
-0.7095072062437042
-0.7136466233461257
-0.7177829079573342
-0.7219160419214575
-0.7260460070964565
-0.730172785354201
-0.7342963585805461
-0.7384167086754202
-0.742533817552894
-0.7466476671412703
-0.7507582393831538
-0.754865516235538
-0.7589694796698809
-0.7630701116721821
-0.7671673942430675
-0.7712613093978613
-0.7753518391666727
-0.7794389655944685
-0.7835226707411537
-0.7876029366816528
-0.7916797455059837
-0.7957530793193418
-0.7998229202421732
-0.8038892504102575
-0.8079520519747851
-0.812011307102432
-0.816066997975444
-0.8201191067917094
-0.8241676157648425
-0.8282125071242552
-0.8322537631152417
-0.836291365999053
-0.8403252980529725
-0.8443555415704
-0.8483820788609222
-0.8524048922503971
-0.8564239640810276
-0.8604392767114377
-0.8644508125167556
-0.8684585538886838
-0.8724624832355843
-0.8764625829825473
-0.880458835571476
-0.8844512234611599
-0.8884397291273498
-0.8924243350628408
-0.8964050237775422
-0.9003817777985597
-0.9043545796702703
-0.9083234119543964
-0.9122882572300872
-0.9162490980939898
-0.9202059171603314
-0.9241586970609892
-0.9281074204455726
-0.9320520699814967
-0.9359926283540555
-0.9399290782665053
-0.9438614024401313
-0.9477895836143325
-0.9517136045466901
-0.955633448013048
-0.9595490968075875
-0.9634605337428994
-0.9673677416500648
-0.9712707033787256
-0.975169401797163
-0.9790638197923731
-0.9829539402701368
-0.9868397461551026
-0.9907212203908546
-0.9945983459399923
-0.9984711057842017
-1.0023394829243326
-1.0062034603804735
-1.010063021192022
-1.0139181484177655
-1.017768825135949
-1.0216150344443558
-1.0254567594603754
-1.0292939833210828
-1.033126689183311
-1.0369548602237217
-1.040778479638885
-1.0445975306453468
-1.0484119964797078
-1.0522218603986953
-1.0560271056792336
-1.0598277156185234
-1.0636236735341091
-1.0674149627639575
-1.071201566666525
-1.0749834686208364
-1.0787606520265547
-1.0825331003040528
-1.086300796894492
-1.090063725259886
-1.0938218688831813
-1.0975752112683264
-1.1013237359403427
-1.1050674264454008
-1.1088062663508884
-1.1125402392454864
-1.1162693287392362
-1.1199935184636183
-1.123712792071618
-1.1274271332377985
-1.1311365256583774
-1.1348409530512888
-1.138540399156266
-1.142234847734903
-1.1459242825707316
-1.1496086874692928
-1.153288046258203
-1.1569623427872298
-1.1606315609283604
-1.1642956845758734
-1.1679546976464112
-1.1716085840790442
-1.175257327835351
-1.1789009128994785
-1.1825393232782218
-1.1861725430010859
-1.1898005561203617
-1.1934233467111959
-1.1970408988716543
-1.2006531967228018
-1.204260224408761
-1.2078619660967924
-1.2114584059773572
-1.2150495282641862
-1.2186353171943556
-1.2222157570283472
-1.2257908320501265
-1.2293605265672043
-1.23292482491071
-1.2364837114354599
-1.2400371705200226
-1.2435851865667928
-1.247127744002054
-1.2506648272760525
-1.2541964208630607
-1.25772250926145
-1.2612430769937544
-1.2647581086067405
-1.2682675886714767
-1.2717715017833975
-1.275269832562374
-1.278762565652782
-1.2822496857235643
-1.2857311774683056
-1.2892070256052919
-1.292677214877585
-1.296141730053082
-1.299600555924589
-1.303053677309884
-1.3065010790517833
-1.309942746018211
-1.3133786631022608
-1.3168088152222683
-1.320233187321871
-1.3236517643700785
-1.3270645313613387
-1.3304714733155993
-1.3338725752783795
-1.3372678223208299
-1.3406571995398024
-1.3440406920579147
-1.3474182850236125
-1.35078996361124
-1.354155713021099
-1.3575155184795196
-1.3608693652389199
-1.3642172385778757
-1.3675591238011817
-1.3708950062399157
-1.374224871251506
-1.377548704219792
-1.380866490555092
-1.3841782156942657
-1.387483865100775
-1.3907834242647548
-1.3940768787030686
-1.3973642139593796
-1.4006454156042074
-1.4039204692349974
-1.4071893604761805
-1.4104520749792344
-1.4137085984227535
-1.4169589165125023
-1.4202030149814877
-1.4234408795900138
-1.4266724961257498
-1.4298978504037894
-1.433116928266713
-1.4363297155846544
-1.4395361982553538
-1.4427363622042295
-1.4459301933844344
-1.449117677776916
-1.4522988013904838
-1.4554735502618652
-1.458641910455771
-1.4618038680649514
-1.4649594092102638
-1.4681085200407284
-1.47125118673359
-1.4743873954943807
-1.4775171325569783
-1.4806403841836688
-1.4837571366652025
-1.4868673763208609
-1.4899710894985119
-1.4930682625746685
-1.4961588819545537
-1.4992429340721558
-1.5023204053902905
-1.5053912824006592
-1.5084555516239075
-1.5115131996096867
-1.51456421293671
-1.5176085782128141
-1.5206462820750162
-1.5236773111895734
-1.526701652252041
-1.5297192919873308
-1.5327302171497696
-1.5357344145231577
-1.5387318709208246
-1.5417225731856914
-1.5447065081903244
-1.547683662836995
-1.5506540240577342
-1.553617578814396
-1.556574314098706
-1.5595242169323278
-1.5624672743669137
-1.5654034734841618
-1.5683328013958773
-1.5712552452440223
-1.5741707922007797
-1.577079429468602
-1.5799811442802743
-1.582875923898966
-1.5857637556182875
-1.5886446267623477
-1.591518524685806
-1.5943854367739325
-1.5972453504426602
-1.6000982531386425
-1.6029441323393023
-1.6057829755528967
-1.6086147703185638
-1.6114395042063818
-1.6142571648174227
-1.617067739783801
-1.6198712167687397
-1.622667583466613
-1.62545682760301
-1.6282389369347763
-1.6310138992500813
-1.633781702368464
-1.6365423341408878
-1.6392957824497945
-1.6420420352091556
-1.6447810803645277
-1.647512905893106
-1.6502374998037743
-1.6529548501371596
-1.655664944965682
-1.658367772393611
-1.661063320557116
-1.6637515776243168
-1.6664325317953386
-1.6691061713023592
-1.671772484409665
-1.6744314594137024
-1.677083084643128
-1.679727348458854
-1.6823642392541123
-1.6849937454544934
-1.6876158555180039
-1.6902305579351156
-1.6928378412288123
-1.695437693954646
-1.6980301047007846
-1.7006150620880613
-1.703192554770026
-1.705762571432992
-1.7083251007960907
-1.7108801316113165
-1.7134276526635788
-1.7159676527707524
-1.7185001207837196
-1.7210250455864289
-1.723542416095937
-1.726052221262461
-1.7285544500694225
-1.7310490915335022
-1.7335361347046825
-1.7360155686662988
-1.7384873825350882
-1.740951565461231
-1.743408106628407
-1.7458569952538379
-1.748298220588334
-1.7507317719163462
-1.7531576385560048
-1.7555758098591765
-1.7579862752115027
-1.7603890240324511
-1.7627840457753612
-1.7651713299274858
-1.7675508660100454
-1.7699226435782691
-1.7722866522214402
-1.7746428815629436
-1.7769913212603101
-1.7793319610052647
-1.781664790523767
-1.7839897995760614
-1.7863069779567158
-1.7886163154946748
-1.7909178020532965
-1.7932114275304016
-1.7954971818583165
-1.7977750550039153
-1.8000450369686685
-1.8023071177886825
-1.8045612875347463
-1.8068075363123741
-1.8090458542618455
-1.8112762315582556
-1.8134986584115524
-1.815713125066583
-1.8179196218031328
-1.8201181389359724
-1.8223086668148976
-1.8244911958247727
-1.8266657163855724
-1.8288322189524222
-1.8309906940156435
-1.8331411321007942
-1.8352835237687088
-1.837417859615542
-1.8395441302728053
-1.8416623264074166
-1.8437724387217327
-1.845874457953596
-1.847968374876372
-1.8500541802989883
-1.8521318650659806
-1.854201420057528
-1.856262836189495
-1.858316104413471
-1.860361215716808
-1.8623981611226643
-1.864426931690042
-1.8664475185138247
-1.868459912724818
-1.8704641054897884
-1.8724600880115019
-1.874447851528763
-1.876427387316454
-1.878398686685569
-1.8803617409832571
-1.8823165415928587
-1.8842630799339426
-1.886201347462345
-1.8881313356702027
-1.8900530360859993
-1.8919664402745924
-1.8938715398372579
-1.8957683264117229
-1.8976567916722031
-1.8995369273294416
-1.9014087251307423
-1.9032721768600083
-1.9051272743377763
-1.9069740094212522
-1.9088123740043514
-1.9106423600177274
-1.9124639594288138
-1.914277164241852
-1.9160819664979358
-1.917878358275038
-1.9196663316880493
-1.9214458788888145
-1.9232169920661595
-1.9249796634459346
-1.9267338852910445
-1.92847964990148
-1.9302169496143573
-1.9319457768039452
-1.9336661238817043
-1.9353779832963176
-1.937081347533724
-1.9387762091171499
-1.9404625606071444
-1.942140394601612
-1.943809703735842
-1.9454704806825447
-1.94712271815188
-1.9487664088914922
-1.9504015456865402
-1.9520281213597297
-1.953646128771347
-1.9552555608192836
-1.9568564104390749
-1.9584486706039281
-1.960032334324753
-1.9616073946501915
-1.9631738446666493
-1.9647316774983279
-1.9662808863072532
-1.967821464293305
-1.9693534046942447
-1.9708767007857526
-1.9723913458814482
-1.9738973333329262
-1.9753946565297844
-1.976883308899647
-1.9783632839082022
-1.9798345750592259
-1.9812971758946094
-1.9827510799943924
-1.9841962809767844
-1.9856327724981997
-1.9870605482532802
-1.9884796019749262
-1.9898899274343216
-1.9912915184409627
-1.9926843688426852
-1.99406847252569
-1.995443823414572
-1.9968104154723452
-1.9981682427004697
-1.999517299138878
-2.000857578866003
-2.002189075998799
-2.0035117846927726
-2.0048256991420077
-2.0061308135791873
-2.0074271222756233
-2.0087146195412786
-2.0099932997247922
-2.0112631572135076
-2.012524186433492
-2.013776381849566
-2.015019737965324
-2.01625424932316
-2.0174799105042895
-2.0186967161287788
-2.0199046608555626
-2.021103739382471
-2.0222939464462493
-2.0234752768225848
-2.024647725326129
-2.0258112868105185
-2.026965956168399
-2.0281117283314467
-2.029248598270393
-2.0303765609950437
-2.031495611554303
-2.032605745036192
-2.0337069565678756
-2.034799241315678
-2.035882594485109
-2.036957011320882
-2.038022487106935
-2.039079017166453
-2.040126596861887
-2.0411652215949747
-2.042194886806761
-2.0432155879776186
-2.044227320627266
-2.0452300803147883
-2.0462238626386586
-2.0472086632367517
-2.0481844777863696
-2.049151302004259
-2.050109131646625
-2.0510579625091574
-2.051997790427043
-2.0529286112749863
-2.0538504209672297
-2.0547632154575663
-2.0556669907393643
-2.0565617428455774
-2.0574474678487666
-2.058324161861119
-2.0591918210344597
-2.0600504415602736
-2.0609000196697176
-2.061740551633641
-2.0625720337626
-2.063394462406875
-2.0642078339564853
-2.065012144841206
-2.0658073915305812
-2.0665935705339447
-2.06737067840043
-2.068138711718988
-2.068897667118403
-2.069647541267302
-2.070388330874179
-2.0711200326873995
-2.071842643495221
-2.072556160125804
-2.073260579447229
-2.0739558983675064
-2.074642113834594
-2.0753192228364057
-2.07598722240083
-2.07664610959574
-2.0772958815290057
-2.077936535348508
-2.0785680682421517
-2.0791904774378778
-2.0798037602036734
-2.0804079138475853
-2.0810029357177324
-2.081588823202318
-2.082165573729638
-2.0827331847680943
-2.0832916538262087
-2.083840978452626
-2.084381156236134
-2.0849121848056673
-2.0854340618303215
-2.0859467850193627
-2.0864503521222355
-2.0869447609285734
-2.0874300092682128
-2.087906095011197
-2.088373016067787
-2.0888307703884745
-2.089279355963984
-2.0897187708252876
-2.090149013043612
-2.090570080730444
-2.090981972037544
-2.0913846851569495
-2.091778218320986
-2.092162569802273
-2.092537737913732
-2.0929037210085952
-2.0932605174804095
-2.093608125763048
-2.093946544330714
-2.0942757716979474
-2.094595806419633
-2.0949066470910056
-2.095208292347656
-2.095500740865538
-2.095783991360974
-2.0960580425906605
-2.0963228933516715
-2.0965785424814687
-2.096824988857901
-2.0970622313992133
-2.0972902690640494
-2.0975091008514575
-2.0977187258008945
-2.097919142992228
-2.0981103515457455
-2.0982923506221525
-2.0984651394225797
-2.098628717188585
-2.098783083202158
-2.0989282367857225
-2.099064177302139
-2.099190904154707
-2.0993084167871716
-2.09941671468372
-2.099515797368988
-2.099605664408061
-2.0996863154064744
-2.0997577500102182
-2.099819967905735
-2.099872968819927
-2.099916752520149
-2.099951318814218
-2.0999766675504064
-2.0999927986174494
-2.09999971194454
-2.0999974075013332
-2.0999858852979445
-2.0999651453849495
-2.099935187853384
-2.099896012834744
-2.0998476205009857
-2.0997900110645222
-2.0997231847782256
-2.0996471419354243
-2.099561882869901
-2.0994674079558946
-2.0993637176080937
-2.0992508122816393
-2.0991286924721178
-2.0989973587155655
-2.09885681158846
-2.098707051707722
-2.098548079730709
-2.0983798963552136
-2.098202502319465
-2.0980158984021173
-2.0978200854222533
-2.0976150642393776
-2.097400835753413
-2.0971774009046973
-2.0969447606739786
-2.0967029160824118
-2.096451868191553
-2.0961916181033553
-2.0959221669601646
-2.0956435159447144
-2.0953556662801187
-2.0950586192298695
-2.0947523760978295
-2.0944369382282275
-2.09411230700565
-2.093778483855039
-2.0934354702416837
-2.0930832676712114
-2.0927218776895855
-2.092351301883099
-2.09197154187836
-2.0915825993422943
-2.091184475982132
-2.0907771735454017
-2.090360693819923
-2.0899350386337976
-2.089500209855403
-2.0890562093933838
-2.0886030391966415
-2.0881407012543285
-2.087669197595838
-2.087188530290795
-2.0866987014490483
-2.0861997132206596
-2.0856915677958954
-2.0851742674052165
-2.0846478143192697
-2.0841122108488754
-2.0835674593450206
-2.083013562198844
-2.082450521841632
-2.081878340744801
-2.081297021419892
-2.0807065664185562
-2.0801069783325463
-2.079498259793702
-2.0788804134739447
-2.0782534420852543
-2.077617348379671
-2.0769721351492727
-2.0763178052261697
-2.0756543614824863
-2.074981806830353
-2.074300144221891
-2.0736093766492005
-2.072909507144347
-2.0722005387793474
-2.07148247466616
-2.0707553179566647
-2.0700190718426557
-2.0692737395558205
-2.068519324367733
-2.0677558295898346
-2.066983258573421
-2.0662016147096263
-2.065410901429411
-2.064611122203542
-2.0638022805425837
-2.0629843799968786
-2.0621574241565295
-2.06132141665139
-2.0604763611510437
-2.0596222613647903
-2.058759121041628
-2.057886943970238
-2.0570057339789667
-2.0561154949358116
-2.055216230748401
-2.0543079453639788
-2.0533906427693855
-2.0524643269910436
-2.051529002094938
-2.0505846721865972
-2.049631341411077
-2.048669013952943
-2.0476976940362475
-2.046717385924519
-2.045728093920736
-2.0447298223673114
-2.043722575646073
-2.042706358178245
-2.0416811744244288
-2.04064702888458
-2.0396039260979926
-2.038551870643278
-2.0374908671383443
-2.036420920240376
-2.035342034645814
-2.0342542150903364
-2.033157466348832
-2.0320517932353885
-2.0309372006032635
-2.0298136933448654
-2.028681276391736
-2.027539954714521
-2.026389733322957
-2.025230617265842
-2.0240626116310176
-2.0228857215453453
-2.0216999521746835
-2.020505308723867
-2.0193017964366824
-2.0180894205958424
-2.0168681865229687
-2.0156380995785654
-2.014399165161995
-2.0131513887114525
-2.0118947757039485
-2.0106293316552777
-2.009355062120001
-2.0080719726914147
-2.0067800690015316
-2.0054793567210534
-2.0041698415593445
-2.0028515292644125
-2.0015244256228764
-2.0001885364599445
-1.9988438676393891
-1.9974904250635188
-1.9961282146731567
-1.9947572424476085
-1.9933775144046404
-1.9919890366004502
-1.9905918151296453
-1.9891858561252098
-1.9877711657584807
-1.9863477502391222
-1.9849156158150942
-1.983474768772631
-1.9820252154362072
-1.9805669621685142
-1.9791000153704306
-1.9776243814809942
-1.976140066977376
-1.9746470783748475
-1.973145422226756
-1.9716351051244927
-1.970116133697465
-1.9685885146130722
-1.9670522545766658
-1.9655073603315303
-1.963953838658846
-1.9623916963776655
-1.96082094034488
-1.9592415774551888
-1.9576536146410717
-1.9560570588727546
-1.954451917158186
-1.9528381965429986
-1.9512159041104806
-1.9495850469815477
-1.947945632314708
-1.9462976673060335
-1.944641159189127
-1.94297611523509
-1.94130254275249
-1.9396204490873319
-1.9379298416230244
-1.9362307277803437
-1.9345231150174067
-1.9328070108296325
-1.9310824227497172
-1.9293493583475925
-1.927607825230397
-1.9258578310424426
-1.9240993834651805
-1.9223324902171661
-1.9205571590540278
-1.9187733977684314
-1.9169812141900442
-1.915180616185504
-1.9133716116583832
-1.9115542085491541
-1.9097284148351528
-1.9078942385305449
-1.9060516876862907
-1.904200770390113
-1.9023414947664548
-1.9004738689764482
-1.8985979012178777
-1.8967135997251452
-1.894820972769232
-1.892920028657663
-1.8910107757344705
-1.8890932223801573
-1.887167377011663
-1.8852332480823208
-1.8832908440818261
-1.8813401735361954
-1.8793812450077303
-1.8774140670949837
-1.8754386484327146
-1.873454997691855
-1.8714631235794719
-1.8694630348387262
-1.8674547402488395
-1.8654382486250491
-1.863413568818574
-1.8613807097165742
-1.8593396802421105
-1.8572904893541105
-1.8552331460473228
-1.8531676593522806
-1.8510940383352619
-1.8490122920982508
-1.8469224297788953
-1.844824460550469
-1.842718393621828
-1.840604238237375
-1.8384820036770164
-1.8363516992561193
-1.8342133343254745
-1.832066918271253
-1.8299124605149646
-1.8277499705134201
-1.825579457758685
-1.823400931778041
-1.8212144021339427
-1.8190198784239748
-1.8168173702808144
-1.8146068873721837
-1.8123884394008085
-1.810162036104378
-1.807927687255501
-1.8056854026616618
-1.803435192165178
-1.8011770656431567
-1.7989110330074523
-1.796637104204624
-1.7943552892158878
-1.7920655980570774
-1.789768040778597
-1.7874626274653787
-1.7851493682368398
-1.782828273246834
-1.780499352683611
-1.7781626167697693
-1.775818075762212
-1.7734657399521043
-1.7711056196648238
-1.7687377252599177
-1.7663620671310563
-1.763978655705991
-1.7615875014465023
-1.7591886148483602
-1.7567820064412714
-1.7543676867888403
-1.7519456664885178
-1.7495159561715568
-1.7470785665029636
-1.7446335081814526
-1.7421807919393988
-1.7397204285427947
-1.737252428791194
-1.7347768035176732
-1.7322935635887784
-1.7298027199044783
-1.7273042833981231
-1.724798265036386
-1.7222846758192218
-1.7197635267798161
-1.7172348289845396
-1.714698593532895
-1.712154831557474
-1.7096035542239023
-1.7070447727307947
-1.7044784983097063
-1.701904742225081
-1.6993235157742008
-1.6967348302871414
-1.694138697126715
-1.6915351276884314
-1.6889241334004357
-1.6863057257234648
-1.6836799161507974
-1.6810467162082001
-1.6784061374538832
-1.6757581914784405
-1.6731028899048068
-1.6704402443882014
-1.667770266616083
-1.6650929683080902
-1.6624083612159972
-1.6597164571236585
-1.6570172678469572
-1.6543108052337574
-1.651597081163846
-1.6488761075488845
-1.6461478963323541
-1.6434124594895063
-1.6406698090273106
-1.6379199569843965
-1.6351629154310063
-1.63239869646894
-1.6296273122315
-1.6268487748834441
-1.624063096620926
-1.6212702896714424
-1.6184703662937832
-1.6156633387779715
-1.6128492194452198
-1.610028020647864
-1.607199754769317
-1.60436443422401
-1.6015220714573433
-1.5986726789456265
-1.595816269196026
-1.5929528547465093
-1.5900824481657894
-1.5872050620532745
-1.5843207090390061
-1.5814294017836061
-1.5785311529782218
-1.5756259753444688
-1.57271388163438
-1.5697948846303427
-1.5668689971450456
-1.5639362320214234
-1.5609966021325983
-1.5580501203818273
-1.5550967997024423
-1.5521366530577922
-1.5491696934411885
-1.5461959338758502
-1.543215387414842
-1.540228067141018
-1.5372339861669673
-1.5342331576349533
-1.5312255947168594
-1.528211310614127
-1.5251903185576996
-1.5221626318079655
-1.519128263654696
-1.5160872274169965
-1.5130395364432352
-1.5099852041109925
-1.5069242438270005
-1.5038566690270831
-1.5007824931761022
-1.4977017297678898
-1.4946143923251953
-1.4915204943996225
-1.4884200495715767
-1.4853130714501945
-1.4821995736732936
-1.4790795699073074
-1.475953073847226
-1.4728200992165408
-1.4696806597671768
-1.466534769279436
-1.463382441561938
-1.4602236904515562
-1.4570585298133623
-1.453886973540559
-1.4507090355544232
-1.447524729804243
-1.4443340702672574
-1.4411370709485976
-1.437933745881219
-1.4347241091258451
-1.4315081747709024
-1.428285956932464
-1.4250574697541796
-1.42182272740722
-1.4185817440902115
-1.4153345340291739
-1.412081111477462
-1.4088214907156968
-1.4055556860517067
-1.4022837118204634
-1.3990055823840188
-1.3957213121314458
-1.3924309154787684
-1.3891344068689038
-1.3858318007715953
-1.3825231116833512
-1.3792083541273836
-1.3758875426535377
-1.3725606918382334
-1.3692278162843992
-1.3658889306214084
-1.3625440495050183
-1.3591931876172993
-1.3558363596665748
-1.3524735803873538
-1.3491048645402741
-1.3457302269120262
-1.3423496823152938
-1.3389632455886917
-1.3355709315966942
-1.332172755229578
-1.328768731403348
-1.3253588750596785
-1.321943201165843
-1.318521724714651
-1.315094460724385
-1.3116614242387286
-1.308222630326703
-1.304778094082602
-1.3013278306259233
-1.2978718551013082
-1.2944101826784662
-1.2909428285521143
-1.2874698079419067
-1.2839911360923757
-1.2805068282728544
-1.2770168997774163
-1.2735213659248052
-1.270020242058369
-1.2665135435459958
-1.2630012857800401
-1.2594834841772582
-1.2559601541787413
-1.2524313112498464
-1.2488969708801316
-1.2453571485832828
-1.2418118598970493
-1.2382611203831742
-1.2347049456273251
-1.2311433512390328
-1.227576352851611
-1.2240039661220963
-1.220426206731175
-1.2168430903831213
-1.2132546328057185
-1.2096608497501957
-1.2060617569911587
-1.2024573703265173
-1.1988477055774245
-1.1952327785881942
-1.1916126052262423
-1.1879872013820119
-1.1843565829689033
-1.180720765923211
-1.1770797662040429
-1.1734335997932588
-1.1697822826953952
-1.1661258309375975
-1.162464260569553
-1.1587975876634118
-1.1551258283137233
-1.151448998637362
-1.1477671147734618
-1.1440801928833375
-1.14038824915042
-1.1366912997801824
-1.1329893610000683
-1.129282449059426
-1.1255705802294298
-1.1218537708030116
-1.1181320370947914
-1.1144053954410014
-1.1106738621994212
-1.106937453749297
-1.1031961864912776
-1.0994500768473363
-1.095699141260702
-1.0919433961957914
-1.0881828581381259
-1.084417543594268
-1.0806474690917451
-1.076872651178981
-1.0730931064252174
-1.0693088514204443
-1.0655199027753277
-1.0617262771211342
-1.0579279911096644
-1.0541250614131707
-1.0503175047242892
-1.046505337755967
-1.042688577241385
-1.0388672399338932
-1.0350413426069243
-1.0312109020539306
-1.027375935088305
-1.023536458543307
-1.019692489271997
-1.0158440441471486
-1.0119911400611856
-1.0081337939261028
-1.0042720226733914
-1.0004058432539722
-0.9965352726381089
-0.9926603278153425
-0.9887810257944127
-0.9848973836031889
-0.9810094182885871
-0.9771171469165008
-0.9732205865717243
-0.9693197543578764
-0.9654146673973325
-0.9615053428311378
-0.9575917978189399
-0.9536740495389132
-0.9497521151876784
-0.9458260119802371
-0.9418957571498832
-0.9379613679481368
-0.9340228616446647
-0.9300802555272047
-0.926133566901494
-0.9221828130911853
-0.9182280114377774
-0.9142691793005338
-0.9103063340564154
-0.9063394930999928
-0.9023686738433778
-0.8983938937161434
-0.8944151701652481
-0.8904325206549639
-0.8864459626667911
-0.8824555136993871
-0.8784611912684881
-0.874463012906832
-0.870460996164086
-0.866455158606761
-0.8624455178181406
-0.8584320913982022
-0.8544148969635382
-0.850393952147286
-0.8463692745990394
-0.8423408819847784
-0.8383087919867885
-0.8342730223035895
-0.8302335906498477
-0.8261905147563051
-0.8221438123696998
-0.8180935012526869
-0.8140395991837654
-0.8099821239571932
-0.8059210933829122
-0.8018565252864714
-0.7977884375089452
-0.7937168479068633
-0.78964177435212
-0.7855632347319045
-0.7814812469486199
-0.7773958289198031
-0.7733069985780527
-0.7692147738709403
-0.7651191727609388
-0.7610202132253393
-0.75691791325618
-0.7528122908601563
-0.7487033640585486
-0.7445911508871421
-0.7404756693961457
-0.7363569376501187
-0.7322349737278826
-0.7281097957224478
-0.7239814217409326
-0.7198498699044821
-0.7157151583481953
-0.7115773052210359
-0.7074363286857582
-0.7032922469188274
-0.6991450781103357
-0.6949948404639326
-0.690841552196731
-0.6866852315392376
-0.6825258967352681
-0.6783635660418681
-0.6741982577292376
-0.6700299900806417
-0.6658587813923371
-0.6616846499734885
-0.6575076141460943
-0.6533276922448965
-0.6491449026173074
-0.6449592636233265
-0.6407707936354587
-0.6365795110386406
-0.6323854342301494
-0.6281885816195288
-0.6239889716285068
-0.6197866226909128
-0.6155815532526038
-0.6113737817713732
-0.6071633267168763
-0.602950206570548
-0.5987344398255189
-0.594516044986543
-0.590295040569904
-0.5860714451033422
-0.5818452771259691
-0.5776165551881935
-0.5733852978516296
-0.5691515236890216
-0.5649152512841612
-0.560676499231805
-0.5564352861375982
-0.5521916306179835
-0.5479455513001262
-0.5436970668218308
-0.5394461958314571
-0.5351929569878456
-0.5309373689602251
-0.5266794504281376
-0.5224192200813548
-0.5181566966197939
-0.5138918987534431
-0.5096248452022684
-0.5053555546961388
-0.5010840459747404
-0.49681033778750144
-0.492534448893499
-0.4882563980613842
-0.48397620406929753
-0.479693885704785
-0.4754094617647228
-0.47112295105522406
-0.46683437239156333
-0.4625437445980921
-0.4582510865081548
-0.45395641696401295
-0.44965975481675197
-0.44536111892620484
-0.4410605281608688
-0.43675800139781995
-0.43245355752263726
-0.4281472154293096
-0.4238389940201598
-0.4195289122057578
-0.41521698890484515
-0.410903243044241
-0.4065876935587661
-0.4022703593911583
-0.39795125949198734
-0.3936304128195788
-0.3893078383399201
-0.384983555026585
-0.38065758186064724
-0.3763299378305969
-0.37200064193226295
-0.36766971316872066
-0.36333717055021336
-0.359003033094069
-0.35466731982461386
-0.35033004977309634
-0.34599124197759307
-0.3416509154829323
-0.33730908934060644
-0.33296578260869614
-0.3286210143517754
-0.3242748036408352
-0.3199271695531983
-0.3155781311724332
-0.31122770758827806
-0.3068759178965456
-0.3025227811990471
-0.29816831660350596
-0.2938125432234728
-0.2894554801782484
-0.2850971465927891
-0.2807375615976295
-0.2763767443287979
-0.2720147139277291
-0.2676514895411886
-0.2632870903211772
-0.2589215354248546
-0.25455484401445283
-0.2501870352571912
-0.24581812832519867
-0.24144814239541917
-0.23707709664953464
-0.23270501027387708
-0.22833190245935187
-0.22395779240134234
-0.2195826992996329
-0.2152066423583229
-0.21082964078574068
-0.20645171379436641
-0.2020728806007368
-0.197693160425368
-0.19331257249266964
-0.18893113603085834
-0.1845488702718809
-0.18016579445131867
-0.17578192780831042
-0.1713972895854664
-0.16701189902878164
-0.16262577538755899
-0.1582389379143137
-0.15385140586469614
-0.14946319849740347
-0.1450743350741029
-0.1406848348593355
-0.1362947171204396
-0.13190400112746395
-0.12751270615308147
-0.123120851472512
-0.11872845636342666
-0.11433554010587053
-0.10994212198217626
-0.10554822127687755
-0.1011538572766319
-0.09675904927012483
-0.09236381654799267
-0.08796817840273596
-0.08357215412863303
-0.07917576302166257
-0.07477902437940795
-0.07038195750097984
-0.06598458168692782
-0.0615869162391631
-0.0571889804608626
-0.05279079365639176
-0.04839237513121786
-0.04399374419182335
-0.03959492014562876
-0.03519592230089659
-0.030796769966654106
-0.026397482452606674
-0.02199807906905117
-0.017598579126798637
-0.013199001937078389
-0.00879936681146067
-0.004399693061770018
-5.143516556418884e-16
