0.0
1.5482714430070628
3.101008901537628
4.658237416789821
6.219982079872744
7.786268028077043
9.35712044103225
10.932564536748831
12.512625567542809
14.097328815840806
15.686699589863345
17.280763219184248
18.879545050163905
20.483070441254227
22.09136475817304
23.704453368945607
25.322361638811156
26.945114924991973
28.572738571322898
30.205257902738847
31.842698219618
33.48508479197848
35.13244285352606
36.78479759555047
38.44217416066826
40.10459763640946
41.77229846599689
43.44526414252066
45.12336659457138
46.80663066048692
48.495081085125676
50.18874251234645
51.88763947731397
53.591796398627224
55.301237570268796
57.01598715337232
58.736371411281226
60.46234116594154
62.19370628608142
63.93049030799938
65.67271658589056
67.42040828233407
69.17358835858116
70.93236019777304
72.69723189295308
74.4676748801912
76.24371116493496
78.02536249325924
79.81265034075709
81.60559590121527
83.40494984489126
85.21003580448624
87.02085624114439
88.83743100360385
90.65977959122144
92.48846986540694
94.32327029742756
96.1639153646037
98.01042289480351
99.86281029147328
101.72194392337755
103.58707153254326
105.45814237260399
107.33517181313127
109.2188064008174
111.10879387676658
113.00479606801147
114.90682598485522
116.81563694054417
118.73082009108215
120.65207862439502
122.5794838000869
124.51403410388919
126.45470004639904
128.4014895676304
130.3551561067986
132.3153825342573
134.28176194898438
136.25482159514993
138.23473278553948
140.22081698338295
142.21357262903527
144.21326081026385
146.21913168492267
148.2318462657395
150.2513681966442
152.2770711840626
154.30996237229485
156.3493357642922
158.39506245536018
160.44811084515862
162.50731063471704
164.57349756458478
166.64633827474248
168.7255621649581
170.81200806868245
172.90453410441768
175.00433028411996
177.1103655414448
179.2232737736188
181.34273595618518
183.4687631573371
185.60154886372916
187.7406759558751
189.88665953036215
192.03883968412634
194.19787206055807
196.36302891825795
198.53493646239735
200.71296234934778
202.89754570546876
205.0882998386368
207.2853327867514
209.4886394908092
211.69786782142887
213.9135147631647
216.13472509757486
218.3623916299949
220.59558451717606
222.83466582288227
225.0795276347733
227.3296772628977
229.58583457584282
231.8471301381514
234.1137085024663
236.3857241612157
238.66259629345123
240.94453674543567
243.23142408986627
245.52284048241592
247.81891784066693
250.1195269128174
252.42427175003098
254.73311502807826
257.0461080149296
259.362775077069
261.682965251792
264.00670974330296
266.33369729317724
268.66365084250106
270.9963854263693
273.3318384349598
275.66968346546025
278.0096553299184
280.3515346772073
282.69511495861866
285.0401820239012
287.3864060667673
289.7335339190024
292.0813037922306
294.4294453874132
296.7776691892202
299.12566855365543
301.47314973858795
303.8198115060337
306.16534498481815
308.5094339076628
310.85174204072075
313.19187566562937
315.52955430868576
317.8644363685318
320.1961743321792
322.52441513731446
324.8488005549209
327.1689675915269
329.4845489102933
331.7951732700492
334.1004281857528
336.3998857135187
338.69324561434394
340.9801265577768
343.2601456549789
345.53291897828706
347.7980620903453
350.05519058127726
352.3039206123039
354.54386946416764
356.7746560886699
358.9959016616066
361.2072301353522
363.4082687893274
365.59864877658396
367.7780056647363
369.9459799694853
372.1022176790036
374.24637076747996
376.37809263453124
378.49692122658416
380.602652823059
382.69496729959917
384.77355279793767
386.8381061463577
388.88833325935883
390.92394951536056
392.9446801113818
394.9502603937362
396.9404361638963
398.91496395878875
400.8736113049024
402.81615694570803
404.74239104200404
406.6521153449282
408.5451433414849
410.4213003725637
412.2803659778812
414.12189083259574
415.9460594699795
417.7527439794994
419.54182852571523
421.3132093120778
423.0667945197701
424.80250422234707
426.5202702770066
428.2200361934
429.90119012160767
431.56408335667845
433.2088293576637
434.8354157678342
436.4438410034094
438.03411401181677
439.60600719135107
441.1590498465049
442.6939764062104
444.2108349719624
445.7096828529543
447.19053376000153
448.65234782405935
450.09632135890416
451.52254545246626
452.9311188491429
454.32126661894154
455.6934009616821
457.0481690246611
458.38569730130524
459.7049463722607
461.00673909263924
462.29165250053813
463.5594555892306
464.8092584480309
466.0425908259999
467.2596161959726
468.458564291482
469.641478066184
470.80854548293973
471.95784873446894
473.0916155860506
474.2095997579447
475.31060682217645
476.39658893783337
477.46646149150286
478.52058619813783
479.5601601310776
480.5830211625717
481.59173901178247
482.5849249153222
483.5633445999789
484.5273560932285
485.47610579597983
486.41139671527543
487.33111430678713
488.2379705095419
489.12947899887854
490.0083147657135
490.8723222280654
491.7237887876569
492.5607763692732
493.3855272315155
494.1959805487647
494.9946697179795
495.7790775797321
496.55201466037613
497.31121110074474
498.05879452105285
498.7935229152358
499.51624490651903
500.22715052906875
500.925502735789
501.61306838572824
502.28769741911276
502.9515848110467
503.603948851682
504.24464497687046
504.8750363003548
505.4933539215934
506.1012367351795
506.6988029893057
507.28465509940895
507.86067816609324
508.42636250663156
508.98102307264907
509.5261279041118
510.0611761975086
510.58557625867036
511.1006901070031
511.60631897998394
512.1013739435462
512.5874078879491
513.0644960952096
513.531410441893
513.989257750202
514.4384183903968
514.8786102078484
515.309144954123
515.7312468040503
516.1449878762269
516.5498997462319
516.9457909283975
517.3335679435245
517.7133009353718
518.084781494819
518.4474151138686
518.802243745709
519.1493354491158
519.488757829241
519.8198731811294
520.1430837758121
520.4588544893742
520.767250744228
521.0683374903322
521.3616786508171
521.6474009599906
521.926033308631
522.197638402432
522.4622784630841
522.7200152266846
522.9703767498954
523.2137033163702
523.4503342976628
523.6803291514528
523.9037468455265
524.1206458573586
524.3310841738514
524.5346824229749
524.7317457582539
524.9225424599148
525.1071282397821
525.2855583215544
525.4578874414708
525.6241698491021
525.7844593082609
525.9388090980291
526.086952730533
526.2291406899974
526.3655660948723
526.4962800035556
526.6213329985749
526.7407751882797
526.8546562086208
526.9630252250147
527.0659309342894
527.1634215667078
527.2555448880671
527.3423482018686
527.4238783515588
527.5001817228347
527.5712891620556
527.6370800873395
527.6977968588817
527.7534837974135
527.8041847809451
527.8499432474295
527.8908021974754
527.9268041971019
527.9579913805358
527.9844054530477
528.0060876938254
528.0230789588826
528.0354196840003
528.0431498876993
528.0463091742422
528.0449367366613
528.0390713598138
528.0287514234591
528.0140149053578
527.994899384393
527.9714420437068
527.9436796738571
527.911648675987
527.8753850650098
527.8349244728064
527.7903021514325
527.7415529763364
527.688711449586
527.6318117031003
527.5708875018895
527.5058067945066
527.4367455048694
527.3637492719516
527.2868506027701
527.2060816510253
527.1214742203643
527.0330597676399
526.9408694061696
526.8449339089907
526.7452837121107
526.641948917754
526.5349592976012
526.4243442960229
526.3101330333054
526.1923543088693
526.0710366044766
525.946108073353
525.8174612897467
525.6853520354696
525.5498076917626
525.4108553356698
525.2685217432
525.1228333924719
524.9738164668473
524.8214968580505
524.665900169272
524.5070517182581
524.3448425394375
524.1791465415208
524.0102674251694
523.8382295109827
523.6630568470848
523.4847732121344
523.303402118317
523.1189668143189
522.9314902882834
522.7408335549092
522.5468641223746
522.3499162748076
522.1500120833235
521.9471733709165
521.7414217153184
521.5327784518403
521.3212646761915
521.1066513255535
520.8889335018657
520.6684031964294
520.4450806554601
520.2189858974364
519.9901387158159
519.7585586817275
519.5240642257775
519.2865133805441
519.0462838428964
518.8033943902758
518.5578635891428
518.3097097975614
518.0589511677597
517.8051451214554
517.548634212935
517.2895689933218
517.0279668745561
516.7638450735476
516.4972206146246
516.2277345462197
515.9555316528616
515.6808737303808
515.4037771057875
515.1242579238523
514.8423321494391
514.5575231730134
514.2701833910012
513.9804819014396
513.6884340130504
513.3940548645209
513.0972334726314
512.7975679970208
512.4956140068155
512.191386016645
511.88489838059843
511.5761652943521
511.2646221394259
510.9507511872181
510.63467505026097
510.3164073380642
509.9959615107499
509.67286608770786
509.3473976286747
509.01978938603975
508.69005426319694
508.35820502280353
508.02374890914933
507.68698703071
507.34814751890497
507.0072426079316
506.6642843995314
506.3186514786999
505.9708855897138
505.62110112346
505.26930968032815
504.91541030184004
504.5588893794152
504.2003948729995
503.8399379017237
503.4775294660518
503.1127571074681
502.7457156939123
502.37675458410604
502.0058843223603
501.6330650121108
501.2576336539004
500.88032368771144
500.5011452202939
500.1201082524283
499.73669772717386
499.35118828235244
498.9638493856741
498.5746906235249
498.18343645036566
497.78987119696086
497.3945139981452
496.9973740430519
496.5983585583993
496.1968756491634
495.7936368144856
495.3886508627795
494.9819265129049
494.57268585512
494.1616967722724
493.7489947956195
493.33458828381913
492.91776761989126
492.499154574165
492.0788614938589
491.65689639259625
491.23256890860654
490.80645325309206
490.3786891084002
489.9492841577162
489.51752039873566
489.0840187186425
488.6488988293074
488.21216809751456
487.773036013768
487.3322602849722
486.88989540797644
486.4458875968887
485.99951343862506
485.5515711805527
485.10206766125583
484.65079913148196
484.19733461713327
483.74232904009136
483.28578895785375
482.82732095767307
482.36686623189803
481.9048963789676
481.44141768737165
480.97580903043934
480.508460166921
480.03962105052375
479.56928344642813
479.0966048188989
478.62245395331
478.14683668656585
477.66945114974766
477.1900357405933
476.7091711984278
476.22686312141667
475.7424821720025
475.2564155794492
474.76892199883633
474.2799054872066
473.78868066951475
473.29604488776806
472.80200333738276
472.30607387972697
471.8083378387606
471.3092113725965
470.80869925368825
470.3059035613414
469.8017322921833
469.29619026682514
468.7888414829928
468.27966422619943
467.7691304189679
467.25724468536083
466.74310210481536
466.227613589117
465.7107867311231
465.1921377135181
464.6717303242308
464.1499977217234
463.62685974681256
463.1015681033414
462.5749639304015
462.0470513744809
461.51721138911574
460.98576863612345
460.45302960904445
459.9187416779706
459.3824921730445
458.8449580797557
458.3061432413226
457.7652119785613
457.2229130912225
456.67934459965306
456.13400263997056
455.5869681178388
455.0386747296626
454.48893593975833
453.9371938484562
453.3842032345632
452.82996753561594
452.2736582297149
451.7159969937465
451.1571005098034
450.5964265080541
450.0341202042016
449.4705881128699
448.90556127042385
448.3386344206418
447.7704908743756
447.2011224837139
446.62959859436
446.05686673684374
445.4829298686187
444.9070691108328
444.3297710928042
443.75127632907896
443.17109982609105
442.58925682061124
442.0062249871534
441.42174210187807
440.8353743190572
440.2478252846645
439.65904483961026
439.0681715407991
438.4761242312532
437.8829054378798
437.28769402461575
436.6911664361128
436.0934741773776
435.49398492651494
434.8929941385808
434.2908451712487
433.68708504970664
433.08164723760507
432.4750574191363
431.8670328734595
431.25716332010177
430.64614762033995
430.0338645808588
429.4195776882208
428.80415020059354
428.18758416561724
427.56892338553615
426.94909733777564
426.32813790230887
425.70523122217713
425.0810189865661
424.4556782242454
423.8285297989155
423.1999429020685
422.5702320446598
421.9388455302247
421.3058946624097
420.6718241089277
420.03620266632566
419.3988976903331
418.7604770157117
418.120623314235
417.4789732738021
416.83621123712146
416.19212745782914
415.54614058562487
414.89904513790253
414.2507329769388
413.6004167021159
412.94899499366943
412.2964556654887
411.64181662081023
410.9860750081944
410.32923212515186
409.67035327723937
409.0102973297677
408.3491426268354
407.68603756078704
407.0216720666403
406.3562100611974
405.68887832963355
405.02020730156363
404.35044173756205
403.6788824248043
403.005909105437
402.331842958528
401.656054683333
400.978781550077
400.3004170323455
399.62039795055307
398.9388267201186
398.25616528443106
397.57191309152773
396.886044724062
396.199087068032
395.51059900163136
394.820433704475
394.1291797740522
393.4364526162938
392.74198984736245
392.04643884005
391.3494689199164
390.65070739071416
389.95085775841835
389.2496409539734
388.5465786322415
387.8424280837602
387.1369598243085
386.4295939363143
385.7211394394665
385.0114147076354
384.299741740106
383.5869795235094
382.8729928572546
382.1570085589603
381.4399341134583
380.72167960799493
380.00137899098524
379.2799870707312
378.5574583803904
377.8328357208889
377.10712034408823
376.38031068410214
375.6513595230624
374.92131397237955
374.1901740561475
373.456929263921
372.72254608655305
371.9870665372973
371.2495219035122
370.51079291093487
369.7709652803318
369.0291124964008
368.2860287637889
367.5418438664401
366.7956741918373
366.048226057165
365.2996739695546
364.54917823322126
363.79735529604403
363.04442535518035
362.28959395686405
361.5333850767883
360.77606587853285
360.01688879006514
359.2562820849062
358.4945614819946
357.73102824850395
356.9660110921385
356.199876191895
355.43197593295963
354.6625349528743
353.89197211462545
353.1196935253649
352.3458145999049
351.57080943209434
350.7941407842029
350.0158090395242
349.2363463965321
348.45527553925393
347.67247534598215
346.88853932465236
346.1030536857004
345.3157686552996
344.52734259117835
343.7374291775973
342.9456421584516
342.1527086217408
341.3583540207172
340.5620470939292
339.76458788515686
338.96577826477574
338.1649327396841
337.3629288850957
336.55964999504613
335.7542464044658
334.9476781511398
334.13991532336956
333.3299334185583
332.51878022924853
331.70645427320045
330.8919371239249
330.0761776716328
329.2592384446443
328.440198863767
327.6198110260487
326.7982361096611
325.97465797150704
325.1496188245145
324.3233849956804
323.4952517591995
322.66553757146505
321.83462079621273
321.0019155053848
320.1675017313452
319.33187715818724
318.494582442385
317.6554437156547
316.8150856687443
315.973183743058
315.1292938694501
314.28417584148855
313.4376485070113
312.58898045731365
311.7390751022123
310.887903746291
310.03442964879696
309.1797087740974
308.32373869471087
307.4655655033479
306.60600006240315
305.7451755079831
304.8823099547293
304.0178700386516
303.15216076937355
302.28458279494066
301.4152376243166
300.5446125255791
299.6723016576489
298.7980195740294
297.92244664783726
297.04538200114035
296.1661304583061
295.28557681443306
294.4037180237429
293.5194826458114
292.63391449274525
291.7470294614054
290.8579862851668
289.96736892084186
289.0754225911855
288.1815492863131
287.2858470886341
286.38880347815694
285.4900773014407
284.5892537186036
283.6870759101877
282.78347370549665
281.87749124611025
280.97014137805286
280.0614203670914
279.15045979929687
278.23789905514593
277.3239534715984
276.4080571786006
275.4902457768052
274.57103545592673
273.6501788358845
272.72707601926436
271.80255981537186
270.8766260212925
269.94828187824487
269.0184176539278
268.0871208300206
267.1537530472024
266.2184976623678
265.2817942664137
264.3433767952429
263.4026860960007
262.4605315663918
261.51690850160384
260.5708667521206
259.6232154965184
258.6740793159814
257.72292094716545
256.76972633101735
255.81502997816895
254.85872749360257
253.8999418285229
252.9396371871265
251.97780832783423
251.01373720858462
250.0477750909203
249.08027091461554
248.1109851279438
247.1393152628863
246.1660850557195
245.19128886666772
244.21412667759458
243.2351186242309
242.25452568180435
241.27207568664
240.28723685808473
239.30079377533724
238.31274038137752
237.3223023356216
236.3299545935182
235.33597652827447
234.34017495102663
233.3418668860775
232.34190801258546
231.34029183680005
230.33638668151514
229.33038969966742
228.32271425981475
227.31335360698466
226.30127369639564
225.28748002750967
224.27197930534064
223.2544093263554
222.23443726899077
221.21273581926883
220.18929775353863
219.16343129274642
218.13546724388345
217.10574353136735
216.07425265089472
215.0400148164229
214.00394184490173
212.96607793471614
211.9262168916577
210.88372980414442
209.83942748292222
208.79330192239013
207.7449415997535
206.69413422261607
205.64147856393407
204.5869663177036
203.53002812504528
202.47077390718027
201.409637297847
200.3466096831794
199.28101364928403
198.21318237161336
197.14343350856367
196.07175813094503
194.99742290819006
193.92088061957398
192.84238444587214
191.7619251351232
190.6787680045643
189.59337695828776
188.50599459975996
187.41661134683255
186.3245482240748
185.2301668151025
184.13375551779907
183.03530441246258
181.93424985438506
180.83073255759226
179.72514562629
178.617478795926
177.50734600833277
176.3945433179375
175.27963005591383
174.1625956056552
173.04329645192567
171.92105482236505
170.79666047269345
169.67010242716015
168.54136960501998
167.40970922648918
166.27567491511775
165.13943316202122
164.00097251792573
162.85993495745046
161.7160976383517
160.57000787426003
159.42165384063756
158.27102360228034
157.11733896651603
155.9612326450932
154.8028153932186
153.64207489157482
152.4787951540917
151.31249943714647
150.14384482903813
148.9728186201143
147.79940798467055
146.62318596927926
145.44411551287925
144.2626237824524
143.0786975538696
141.89232348401157
140.70298641128642
139.51084493488324
138.316217545974
137.1190904954627
135.91944991247885
134.71682210359685
133.5113035277373
132.30323210880928
131.09259356304474
129.87937348229752
128.66327642978078
127.44406475406743
126.2222309800372
124.99776028045913
123.7706377013353
122.54084816124599
121.30765934802699
120.07173484120973
118.83310124956718
117.59174306576688
116.34764465297238
115.10057503850551
113.85022129136675
112.59708391772573
111.34114685068917
110.08239389207385
108.82080871189251
107.55612469656847
106.288132452767
105.0172630112806
103.74349960812376
102.46682534613977
101.18722319458479
99.90462773890289
98.61846220819989
97.32932223242301
96.03719034485947
94.74204894433416
93.44388029490914
92.14266652560467
90.83817909647321
89.5302108445843
88.21914904482006
86.90497539052018
85.5876714397929
84.2672186153761
82.94359820452559
81.61677786589644
80.28620556139884
78.95241539413024
77.6153882197322
76.27510475898683
74.93154559787253
73.5846911876495
72.23452184497953
70.88101775208055
69.52372397565595
68.1629995200756
66.79888765676293
65.43136814788342
64.06042062307071
62.68602457978711
61.30815938372389
59.92680426924512
58.541938339871486
57.15336499523407
55.76100015818904
54.36506958679766
52.96555198545824
51.562425931221135
50.15566987452719
48.74526213999589
47.33118092726486
45.91340431188219
44.49191024625095
43.066676560631194
41.637680964195376
40.204768140906964
38.76788070246815
37.327173631967256
35.882624285777126
34.43420990537976
32.981907618752196
31.52569444181739
30.065547279961812
28.60144292962059
27.133358079932062
25.661269314465155
24.185153113016565
22.704985853484285
21.220743813816622
19.73240317403802
18.239940018354574
16.74333033734079
15.242550030207452
13.737574907156421
12.228380691817948
10.714943023779659
9.197237461202233
7.675239483528026
6.148924494282987
4.618267823973564
3.08324473308039
1.5438304151524072
6.466709152685125e-14
-1.5482714430070772
-3.101008901537658
-4.658237416789701
-6.21998207987267
-7.78626802807673
-9.357120441032006
-10.932564536748721
-12.512625567542553
-14.097328815840598
-15.686699589863329
-17.280763219184117
-18.879545050163912
-20.483070441254153
-22.091364758173
-23.704453368945533
-25.322361638811127
-26.94511492499185
-28.572738571322738
-30.205257902738712
-31.842698219617926
-33.48508479197838
-35.13244285352594
-36.78479759555033
-38.44217416066813
-40.104597636409515
-41.772298465996776
-43.44526414252063
-45.12336659457145
-46.80663066048668
-48.49508108512544
-50.18874251234628
-51.88763947731378
-53.59179639862702
-55.30123757026868
-57.0159871533723
-58.73637141128114
-60.462341165941496
-62.19370628608142
-63.93049030799937
-65.67271658589051
-67.42040828233387
-69.17358835858096
-70.93236019777298
-72.69723189295287
-74.46767488019098
-76.2437111649348
-78.02536249325925
-79.81265034075702
-81.60559590121525
-83.40494984489119
-85.21003580448615
-87.02085624114439
-88.83743100360354
-90.65977959122134
-92.48846986540687
-94.32327029742747
-96.16391536460355
-98.01042289480341
-99.86281029147321
-101.72194392337744
-103.58707153254328
-105.45814237260393
-107.3351718131312
-109.21880640081736
-111.10879387676638
-113.00479606801119
-114.90682598485488
-116.81563694054407
-118.73082009108204
-120.65207862439476
-122.57948380008678
-124.51403410388906
-126.45470004639893
-128.40148956763042
-130.3551561067986
-132.3153825342574
-134.28176194898413
-136.25482159514982
-138.23473278553928
-140.22081698338286
-142.21357262903516
-144.2132608102637
-146.21913168492256
-148.23184626573942
-150.25136819664417
-152.2770711840625
-154.30996237229485
-156.34933576429188
-158.39506245535998
-160.44811084515834
-162.5073106347169
-164.57349756458453
-166.64633827474228
-168.72556216495795
-170.81200806868242
-172.9045341044175
-175.00433028411996
-177.11036554144488
-179.22327377361887
-181.342735956185
-183.46876315733687
-185.601548863729
-187.740675955875
-189.88665953036187
-192.03883968412615
-194.19787206055804
-196.36302891825778
-198.53493646239747
-200.71296234934783
-202.89754570546867
-205.08829983863677
-207.28533278675116
-209.48863949080902
-211.69786782142873
-213.91351476316444
-216.13472509757463
-218.36239162999482
-220.59558451717604
-222.83466582288216
-225.07952763477314
-227.3296772628976
-229.58583457584274
-231.84713013815144
-234.11370850246593
-236.38572416121548
-238.66259629345086
-240.94453674543533
-243.2314240898661
-245.52284048241592
-247.81891784066687
-250.1195269128173
-252.42427175003093
-254.73311502807832
-257.04610801492964
-259.3627750770689
-261.6829652517916
-264.0067097433027
-266.333697293177
-268.6636508425008
-270.99638542636905
-273.3318384349596
-275.66968346546014
-278.0096553299183
-280.3515346772072
-282.69511495861843
-285.04018202390114
-287.3864060667671
-289.7335339190021
-292.0813037922304
-294.4294453874131
-296.7776691892201
-299.1256685536551
-301.4731497385877
-303.8198115060336
-306.1653449848179
-308.50943390766275
-310.85174204072086
-313.1918756656295
-315.52955430868593
-317.8644363685314
-320.19617433217894
-322.52441513731424
-324.84880055492073
-327.16896759152667
-329.48454891029326
-331.7951732700491
-334.10042818575266
-336.39988571351836
-338.69324561434405
-340.9801265577768
-343.26014565497894
-345.5329189782869
-347.7980620903451
-350.055190581277
-352.30392061230384
-354.5438694641674
-356.7746560886698
-358.99590166160647
-361.20723013535206
-363.40826878932717
-365.59864877658396
-367.7780056647364
-369.9459799694852
-372.1022176790034
-374.2463707674798
-376.3780926345309
-378.49692122658405
-380.60265282305886
-382.6949672995991
-384.77355279793744
-386.83810614635763
-388.8883332593587
-390.9239495153605
-392.9446801113817
-394.95026039373624
-396.94043616389604
-398.9149639587886
-400.8736113049022
-402.8161569457079
-404.7423910420039
-406.6521153449282
-408.54514334148496
-410.42130037256345
-412.2803659778812
-414.1218908325957
-415.9460594699795
-417.75274397949914
-419.541828525715
-421.31320931207756
-423.06679451977
-424.8025042223469
-426.52027027700643
-428.2200361934
-429.90119012160767
-431.5640833566782
-433.20882935766366
-434.83541576783415
-436.4438410034094
-438.0341140118166
-439.6060071913508
-441.15904984650473
-442.6939764062103
-444.21083497196224
-445.70968285295424
-447.19053376000136
-448.6523478240593
-450.09632135890416
-451.5225454524662
-452.9311188491427
-454.32126661894137
-455.69340096168196
-457.04816902466087
-458.3856973013052
-459.7049463722605
-461.00673909263924
-462.29165250053796
-463.55945558923054
-464.8092584480308
-466.0425908259999
-467.2596161959726
-468.458564291482
-469.641478066184
-470.80854548293956
-471.9578487344689
-473.0916155860505
-474.2095997579447
-475.31060682217645
-476.39658893783337
-477.46646149150286
-478.5205861981377
-479.5601601310777
-480.58302116257147
-481.59173901178247
-482.5849249153222
-483.5633445999788
-484.5273560932284
-485.47610579597966
-486.41139671527543
-487.3311143067869
-488.23797050954187
-489.1294789988784
-490.0083147657134
-490.8723222280653
-491.7237887876569
-492.5607763692733
-493.38552723151565
-494.1959805487645
-494.9946697179794
-495.779077579732
-496.552014660376
-497.31121110074474
-498.05879452105273
-498.7935229152357
-499.51624490651903
-500.22715052906875
-500.925502735789
-501.61306838572824
-502.28769741911276
-502.95158481104653
-503.6039488516819
-504.2446449768704
-504.87503630035474
-505.4933539215934
-506.1012367351795
-506.6988029893055
-507.28465509940895
-507.86067816609324
-508.4263625066317
-508.98102307264907
-509.52612790411183
-510.0611761975085
-510.58557625867036
-511.10069010700306
-511.6063189799838
-512.1013739435463
-512.587407887949
-513.0644960952096
-513.531410441893
-513.989257750202
-514.4384183903967
-514.8786102078482
-515.3091449541229
-515.7312468040502
-516.1449878762268
-516.5498997462319
-516.9457909283974
-517.3335679435245
-517.7133009353716
-518.084781494819
-518.4474151138686
-518.802243745709
-519.1493354491158
-519.488757829241
-519.8198731811294
-520.1430837758121
-520.4588544893741
-520.767250744228
-521.0683374903322
-521.3616786508171
-521.6474009599906
-521.9260333086308
-522.197638402432
-522.4622784630841
-522.7200152266846
-522.9703767498954
-523.2137033163701
-523.4503342976627
-523.6803291514526
-523.9037468455264
-524.1206458573586
-524.3310841738514
-524.5346824229749
-524.7317457582539
-524.9225424599148
-525.1071282397821
-525.2855583215544
-525.4578874414708
-525.6241698491021
-525.7844593082609
-525.9388090980292
-526.086952730533
-526.2291406899974
-526.3655660948723
-526.4962800035556
-526.6213329985749
-526.7407751882797
-526.8546562086208
-526.9630252250147
-527.0659309342894
-527.1634215667079
-527.2555448880671
-527.3423482018686
-527.4238783515588
-527.5001817228347
-527.5712891620556
-527.6370800873395
-527.6977968588817
-527.7534837974135
-527.8041847809451
-527.8499432474295
-527.8908021974754
-527.9268041971019
-527.9579913805358
-527.9844054530477
-528.0060876938254
-528.0230789588826
-528.0354196840003
-528.0431498876993
-528.0463091742422
-528.0449367366613
-528.0390713598138
-528.0287514234591
-528.0140149053578
-527.994899384393
-527.9714420437068
-527.9436796738571
-527.911648675987
-527.8753850650098
-527.8349244728064
-527.7903021514325
-527.7415529763364
-527.688711449586
-527.6318117031003
-527.5708875018895
-527.5058067945066
-527.4367455048694
-527.3637492719516
-527.2868506027701
-527.2060816510253
-527.1214742203643
-527.0330597676399
-526.9408694061696
-526.8449339089906
-526.7452837121107
-526.641948917754
-526.5349592976012
-526.4243442960229
-526.3101330333056
-526.1923543088693
-526.0710366044766
-525.946108073353
-525.8174612897467
-525.6853520354696
-525.5498076917626
-525.4108553356698
-525.2685217432002
-525.1228333924719
-524.9738164668473
-524.8214968580505
-524.6659001692719
-524.5070517182581
-524.3448425394375
-524.1791465415208
-524.0102674251694
-523.8382295109827
-523.6630568470849
-523.4847732121344
-523.3034021183171
-523.1189668143189
-522.9314902882834
-522.7408335549092
-522.5468641223746
-522.3499162748076
-522.1500120833238
-521.9471733709165
-521.7414217153184
-521.5327784518404
-521.3212646761915
-521.1066513255535
-520.8889335018657
-520.6684031964294
-520.4450806554601
-520.2189858974364
-519.9901387158159
-519.7585586817274
-519.5240642257775
-519.2865133805441
-519.0462838428964
-518.8033943902758
-518.5578635891428
-518.3097097975614
-518.0589511677597
-517.8051451214554
-517.548634212935
-517.289568993322
-517.0279668745561
-516.7638450735476
-516.4972206146247
-516.2277345462197
-515.9555316528616
-515.6808737303809
-515.4037771057876
-515.1242579238524
-514.8423321494391
-514.5575231730134
-514.2701833910011
-513.9804819014396
-513.6884340130503
-513.3940548645209
-513.0972334726315
-512.7975679970208
-512.4956140068155
-512.191386016645
-511.88489838059854
-511.5761652943521
-511.2646221394261
-510.9507511872181
-510.634675050261
-510.3164073380643
-509.9959615107499
-509.672866087708
-509.3473976286748
-509.0197893860397
-508.69005426319694
-508.35820502280365
-508.0237489091493
-507.68698703071
-507.34814751890514
-507.00724260793174
-506.6642843995314
-506.3186514786999
-505.9708855897138
-505.6211011234599
-505.26930968032826
-504.9154103018402
-504.558889379415
-504.20039487299954
-503.8399379017239
-503.47752946605203
-503.11275710746827
-502.74571569391236
-502.37675458410604
-502.0058843223603
-501.6330650121108
-501.25763365390054
-500.88032368771155
-500.501145220294
-500.1201082524283
-499.73669772717386
-499.35118828235244
-498.9638493856741
-498.5746906235249
-498.1834364503658
-497.78987119696103
-497.3945139981452
-496.99737404305176
-496.5983585583992
-496.19687564916325
-495.7936368144856
-495.3886508627795
-494.98192651290503
-494.5726858551201
-494.16169677227253
-493.7489947956195
-493.3345882838191
-492.91776761989126
-492.499154574165
-492.0788614938589
-491.65689639259625
-491.23256890860654
-490.80645325309206
-490.3786891084002
-489.9492841577162
-489.51752039873566
-489.0840187186425
-488.6488988293074
-488.2121680975146
-487.773036013768
-487.3322602849722
-486.88989540797644
-486.4458875968887
-485.99951343862506
-485.5515711805527
-485.10206766125583
-484.65079913148213
-484.19733461713344
-483.7423290400915
-483.285788957854
-482.8273209576732
-482.36686623189803
-481.9048963789676
-481.44141768737165
-480.9758090304394
-480.50846016692117
-480.03962105052386
-479.56928344642813
-479.0966048188989
-478.62245395331
-478.14683668656585
-477.66945114974766
-477.1900357405933
-476.7091711984278
-476.2268631214166
-475.7424821720024
-475.25641557944914
-474.7689219988363
-474.2799054872065
-473.78868066951475
-473.2960448877682
-472.80200333738287
-472.3060738797271
-471.80833783876074
-471.3092113725967
-470.8086992536884
-470.3059035613414
-469.8017322921833
-469.2961902668252
-468.7888414829928
-468.27966422619943
-467.7691304189679
-467.25724468536083
-466.7431021048154
-466.2276135891171
-465.7107867311231
-465.192137713518
-464.6717303242307
-464.1499977217234
-463.62685974681256
-463.1015681033414
-462.5749639304015
-462.04705137448076
-461.5172113891156
-460.98576863612357
-460.4530296090447
-459.9187416779708
-459.3824921730445
-458.8449580797557
-458.3061432413228
-457.7652119785614
-457.22291309122255
-456.6793445996531
-456.13400263997073
-455.5869681178388
-455.0386747296626
-454.48893593975845
-453.9371938484561
-453.3842032345632
-452.82996753561594
-452.2736582297149
-451.7159969937465
-451.15710050980323
-450.5964265080541
-450.0341202042016
-449.4705881128699
-448.9055612704238
-448.338634420642
-447.7704908743757
-447.20112248371413
-446.6295985943602
-446.05686673684374
-445.48292986861884
-444.9070691108328
-444.3297710928042
-443.751276329079
-443.17109982609105
-442.58925682061124
-442.0062249871534
-441.4217421018782
-440.83537431905734
-440.2478252846645
-439.65904483961015
-439.0681715407991
-438.47612423125315
-437.88290543787974
-437.28769402461575
-436.6911664361128
-436.0934741773776
-435.4939849265148
-434.8929941385806
-434.2908451712489
-433.68708504970675
-433.0816472376052
-432.47505741913636
-431.86703287345966
-431.25716332010194
-430.64614762034006
-430.03386458085896
-429.41957768822084
-428.80415020059354
-428.1875841656172
-427.5689233855361
-426.9490973377756
-426.3281379023088
-425.70523122217713
-425.0810189865661
-424.4556782242454
-423.8285297989155
-423.1999429020685
-422.5702320446598
-421.93884553022474
-421.3058946624097
-420.67182410892764
-420.03620266632555
-419.39889769033323
-418.76047701571184
-418.1206233142351
-417.47897327380235
-416.8362112371216
-416.19212745782914
-415.5461405856249
-414.89904513790265
-414.25073297693893
-413.6004167021161
-412.9489949936695
-412.2964556654887
-411.6418166208101
-410.9860750081944
-410.32923212515186
-409.67035327723954
-409.01029732976775
-408.34914262683526
-407.686037560787
-407.02167206664024
-406.3562100611974
-405.68887832963355
-405.0202073015636
-404.35044173756205
-403.67888242480444
-403.0059091054372
-402.3318429585281
-401.6560546833331
-400.97878155007703
-400.30041703234565
-399.6203979505532
-398.9388267201187
-398.2561652844311
-397.57191309152773
-396.8860447240621
-396.1990870680321
-395.51059900163136
-394.820433704475
-394.1291797740524
-393.4364526162939
-392.74198984736256
-392.04643884005003
-391.3494689199164
-390.650707390714
-389.9508577584182
-389.2496409539735
-388.5465786322415
-387.8424280837601
-387.13695982430875
-386.42959393631435
-385.7211394394666
-385.01141470763554
-384.2997417401062
-383.5869795235095
-382.87299285725464
-382.1570085589603
-381.4399341134583
-380.72167960799493
-380.00137899098524
-379.2799870707312
-378.55745838039036
-377.8328357208889
-377.1071203440883
-376.38031068410214
-375.65135952306235
-374.9213139723795
-374.19017405614755
-373.45692926392087
-372.722546086553
-371.9870665372972
-371.2495219035121
-370.510792910935
-369.77096528033184
-369.02911249640084
-368.2860287637891
-367.5418438664402
-366.7956741918375
-366.0482260571652
-365.29967396955476
-364.5491782332212
-363.79735529604403
-363.04442535518035
-362.289593956864
-361.5333850767883
-360.7760658785331
-360.0168887900652
-359.2562820849062
-358.4945614819946
-357.731028248504
-356.9660110921385
-356.199876191895
-355.4319759329595
-354.6625349528742
-353.8919721146252
-353.1196935253647
-352.34581459990494
-351.5708094320945
-350.79414078420314
-350.01580903952436
-349.23634639653227
-348.45527553925416
-347.6724753459824
-346.8885393246526
-346.1030536857003
-345.3157686552995
-344.52734259117835
-343.73742917759716
-342.9456421584515
-342.15270862174077
-341.35835402071723
-340.56204709392915
-339.76458788515686
-338.9657782647758
-338.1649327396841
-337.3629288850957
-336.55964999504596
-335.7542464044657
-334.9476781511398
-334.13991532336934
-333.3299334185585
-332.5187802292487
-331.7064542732006
-330.8919371239252
-330.0761776716331
-329.25923844464455
-328.44019886376725
-327.61981102604875
-326.79823610966116
-325.974657971507
-325.1496188245145
-324.3233849956804
-323.49525175919945
-322.665537571465
-321.8346207962127
-321.0019155053848
-320.16750173134517
-319.33187715818724
-318.494582442385
-317.65544371565477
-316.8150856687443
-315.9731837430578
-315.12929386945
-314.2841758414885
-313.43764850701143
-312.5889804573137
-311.73907510221244
-310.88790374629116
-310.0344296487972
-309.1797087740976
-308.32373869471104
-307.465565503348
-306.6060000624033
-305.7451755079831
-304.8823099547293
-304.01787003865155
-303.15216076937355
-302.28458279494066
-301.4152376243166
-300.5446125255791
-299.67230165764875
-298.79801957402935
-297.9224466478373
-297.0453820011403
-296.16613045830604
-295.28557681443294
-294.4037180237429
-293.51948264581125
-292.63391449274536
-291.7470294614054
-290.857986285167
-289.9673689208421
-289.07542259118577
-288.18154928631327
-287.2858470886343
-286.388803478157
-285.4900773014407
-284.58925371860363
-283.68707591018784
-282.78347370549676
-281.87749124611025
-280.97014137805274
-280.06142036709144
-279.1504597992969
-278.237899055146
-277.32395347159843
-276.4080571786004
-275.49024577680507
-274.5710354559266
-273.65017883588445
-272.72707601926425
-271.8025598153718
-270.87662602129274
-269.948281878245
-269.01841765392794
-268.0871208300208
-267.1537530472026
-266.21849766236807
-265.281794266414
-264.34337679524293
-263.4026860960008
-262.4605315663919
-261.5169085016038
-260.57086675212054
-259.6232154965184
-258.6740793159815
-257.7229209471655
-256.7697263310174
-255.81502997816898
-254.85872749360246
-253.8999418285229
-252.93963718712635
-251.97780832783394
-251.01373720858453
-250.04777509092023
-249.08027091461565
-248.11098512794382
-247.13931526288644
-246.1660850557197
-245.19128886666792
-244.21412667759466
-243.23511862423095
-242.25452568180447
-241.27207568664
-240.2872368580848
-239.30079377533735
-238.31274038137772
-237.3223023356216
-236.3299545935182
-235.33597652827441
-234.34017495102654
-233.34186688607755
-232.34190801258555
-231.34029183680013
-230.33638668151522
-229.3303896996674
-228.3227142598147
-227.3133536069846
-226.30127369639544
-225.2874800275098
-224.27197930534072
-223.2544093263556
-222.2344372689909
-221.21273581926897
-220.18929775353897
-219.16343129274668
-218.1354672438835
-217.10574353136735
-216.07425265089458
-215.04001481642294
-214.00394184490173
-212.96607793471605
-211.92621689165756
-210.88372980414442
-209.83942748292225
-208.79330192239019
-207.7449415997535
-206.69413422261613
-205.64147856393407
-204.58696631770357
-203.53002812504513
-202.4707739071801
-201.40963729784684
-200.3466096831795
-199.28101364928426
-198.2131823716136
-197.143433508564
-196.07175813094528
-194.9974229081902
-193.92088061957404
-192.84238444587209
-191.76192513512314
-190.67876800456432
-189.59337695828788
-188.5059945997601
-187.41661134683264
-186.32454822407468
-185.23016681510265
-184.13375551779924
-183.0353044124625
-181.93424985438511
-180.83073255759248
-179.72514562629
-178.61747879592588
-177.50734600833263
-176.3945433179374
-175.2796300559137
-174.1625956056555
-173.043296451926
-171.92105482236514
-170.79666047269353
-169.67010242716034
-168.54136960502018
-167.40970922648947
-166.27567491511775
-165.13943316202125
-164.00097251792596
-162.85993495745043
-161.71609763835175
-160.57000787426003
-159.42165384063748
-158.2710236022803
-157.11733896651614
-155.96123264509333
-154.80281539321876
-153.64207489157488
-152.47879515409173
-151.31249943714624
-150.1438448290379
-148.9728186201142
-147.79940798467047
-146.6231859692795
-145.4441155128795
-144.26262378245266
-143.07869755386986
-141.89232348401185
-140.7029864112868
-139.51084493488352
-138.316217545974
-137.1190904954627
-135.91944991247885
-134.7168221035969
-133.51130352773748
-132.30323210880934
-131.09259356304466
-129.87937348229747
-128.66327642978072
-127.44406475406751
-126.22223098003715
-124.99776028045905
-123.77063770133505
-122.54084816124592
-121.30765934802676
-120.07173484120965
-118.83310124956753
-117.59174306576713
-116.34764465297266
-115.10057503850572
-113.850221291367
-112.59708391772585
-111.34114685068933
-110.08239389207405
-108.82080871189238
-107.55612469656833
-106.288132452767
-105.01726301128056
-103.74349960812371
-102.46682534613987
-101.18722319458496
-99.90462773890275
-98.61846220819989
-97.3293222324229
-96.03719034485944
-94.74204894433433
-93.44388029490923
-92.14266652560475
-90.83817909647331
-89.53021084458408
-88.21914904482028
-86.9049753905205
-85.5876714397932
-84.26721861537638
-82.94359820452581
-81.61677786589652
-80.2862055613989
-78.9524153941306
-77.61538821973247
-76.27510475898698
-74.93154559787253
-73.58469118764943
-72.2345218449796
-70.88101775208061
-69.52372397565583
-68.16299952007579
-66.79888765676303
-65.43136814788348
-64.06042062307075
-62.686024579787016
-61.308159383723876
-59.92680426924492
-58.54193833987119
-57.15336499523414
-55.761000158189184
-54.36506958679775
-52.965551985458475
-51.5624259312213
-50.15566987452727
-48.74526213999605
-47.331180927265066
-45.913404311882104
-44.49191024625098
-43.066676560631045
-41.63768096419524
-40.204768140907234
-38.76788070246825
-37.32717363196732
-35.8826242857772
-34.43420990537983
-32.98190761875226
-31.525694441817585
-30.065547279961848
-28.601442929620415
-27.133358079932012
-25.661269314464985
-24.185153113016398
-22.70498585348412
-21.22074381381692
-19.73240317403837
-18.239940018355053
-16.743330337341128
-15.242550030207944
-13.73757490715672
-12.228380691818266
-10.714943023779938
-9.197237461202297
-7.675239483528091
-6.148924494283052
-4.618267823973631
-3.0832447330806882
-1.543830415152706
-1.293341830537025e-13
