0.00251398190404914
0.005026693687857213
0.0075381302356197135
0.010048286463009901
0.012557157317046829
0.015064737775963108
0.017571022849072568
0.020076007576637613
0.022579687029736444
0.025082056310130118
0.027583110550129353
0.030082844912461354
0.032581254590136166
0.035078334806313276
0.03757408081416775
0.04006848789675636
0.04256155136688368
0.04505326656696788
0.04754362886890654
0.05003263367394241
0.052520276412528835
0.05500655254419545
0.05749145755741346
0.059974986969461054
0.062457136326288756
0.06493790120238457
0.06741727720063923
0.0698952599522113
0.07237184511639239
0.07484702838047211
0.07732080545960328
0.07979317209666684
0.08226412406213707
0.08473365715394644
0.08720176719735084
0.0896684500447946
0.09213370157577544
0.09459751769670982
0.09705989434079795
0.09952082746788901
0.10198031306434627
0.10443834714291259
0.10689492574257559
0.10935004492843313
0.11180370079155874
0.11425588944886728
0.11670660704298028
0.11915584974209206
0.12160361373983535
0.124049895255147
0.12649469053213436
0.12893799583994117
0.13137980747261377
0.1338201217489677
0.13625893501245398
0.13869624363102573
0.14113204399700494
0.1435663325269495
0.14599910566152002
0.14843035986534714
0.15086009162689898
0.15328829745834852
0.1557149738954411
0.15814011749736262
0.16056368341335756
0.16298569964486154
0.1654061717882596
0.16782509649109295
0.1702424704237468
0.17265829027931867
0.17507255277348716
0.17748525464438136
0.17989639265244978
0.18230596358033013
0.18471396423271874
0.18712039143624074
0.18952524203932003
0.1919285129120497
0.19433020094606285
0.19673030305440317
0.1991288161713961
0.20152573725252032
0.20392106327427928
0.20631479123407293
0.20870691815007014
0.21109744106108053
0.2134863570264276
0.21587366312582157
0.21825935645923228
0.22064343414676282
0.22302589332852332
0.22540669471994762
0.22778583190457263
0.23016334094854823
0.23253921906822778
0.23491346349939707
0.2372860714971496
0.23965704033576202
0.24202636730856975
0.24439404972784315
0.2467600849246635
0.24912447024880024
0.2514872030685871
0.2538482807707999
0.25620770076053423
0.2585654604610829
0.26092155731381456
0.26327598877805186
0.26562875233095073
0.2679798454673792
0.2703292656997973
0.27267701055813653
0.27502306274929317
0.2773673527804196
0.27970995890044953
0.2820508787065405
0.28439010981277213
0.286727649850027
0.2890634964658735
0.29139764732444723
0.29373010010633427
0.29606085250845376
0.29838990224394163
0.3007172470420336
0.30304288464795
0.3053668128227798
0.30768902934336523
0.3100095320021873
0.31232831860725113
0.31464538698197153
0.3169607349650598
0.3192742553283675
0.3215860404111119
0.3238960974446544
0.32620442432713653
0.3285110189714721
0.33081587930523565
0.33311900327055055
0.3354203888239781
0.33772003393640687
0.3400179365929422
0.34231409479279634
0.34460850654917896
0.34690116988918773
0.3491920828536995
0.3514812434972625
0.3537686498879872
0.35605421623872646
0.3583379768493542
0.36061997620890285
0.36290021243866377
0.3651786836729908
0.3674553880591944
0.3697303237574362
0.3720034889406237
0.37427488179430485
0.37654450051656474
0.3788123433179202
0.3810784084212173
0.38334269406152754
0.3856051984860446
0.38786591995398284
0.3901247475912015
0.39238175148802323
0.39463696598500264
0.3968903893889376
0.39914202001816856
0.40139185620247897
0.4036398962829947
0.40588613861208467
0.40813058155326226
0.4103732234810853
0.4126140627810586
0.41485309784953567
0.4170903270936207
0.4193257489310723
0.4215592186811833
0.4237908606153009
0.42602068916474123
0.428248702789859
0.4304748999612086
0.43269927915944756
0.4349218388752428
0.4371425776091761
0.4393614938716496
0.4415785861827932
0.4437938530723706
0.4460072930796875
0.44821890475349807
0.45042853805699207
0.452636315613526
0.4548422592468689
0.4570463675439508
0.45924863910071667
0.4614490725220362
0.4636476664216135
0.46584441942189814
0.46803933015399557
0.4702323972575793
0.4724236193808018
0.4746129951802071
0.47680043307806963
0.4789859275691408
0.4811695704695099
0.48335136046999505
0.4855312962693916
0.48770937657438385
0.48988560009946214
0.4920599655668352
0.4942324717063482
0.49640311725539654
0.49857190095884274
0.5007388215689332
0.5029037476253762
0.5050667421176224
0.5072278685401623
0.5093871256757783
0.5115445123142385
0.5137000272522172
0.515853669293213
0.5180054372474683
0.5201553299318887
0.5223033461699638
0.5244494847916871
0.5265936814397576
0.5287358548625629
0.5308761459313591
0.5330145535033974
0.5351510764420525
0.5372857136167467
0.539418463902871
0.5415493261817097
0.5436782993403633
0.5458053822716725
0.5479305738741428
0.5500537985469893
0.5521749874992996
0.5542942805988783
0.5564116767683418
0.5585271749356074
0.5606407740338204
0.5627524730012796
0.5648622707813659
0.5669701663224672
0.5690761585779094
0.5711802465058813
0.5732822646273051
0.5753823139222298
0.5774804545555616
0.5795766855065831
0.581671005759094
0.5837634143013413
0.5858539101259483
0.5879424922298477
0.5900291596142098
0.5921139112843757
0.5941966490297076
0.5962773305874186
0.5983560922491378
0.6004329330386731
0.6025078519836697
0.6045808481155429
0.6066519204694125
0.6087210680840348
0.6107882900017392
0.6128535852683606
0.6149168635014131
0.6169780581400096
0.6190373220797953
0.6210946543825464
0.6231500541132258
0.6252035203399197
0.6272550521337743
0.6293046485689329
0.6313523087224724
0.6333980316743414
0.6354416757642396
0.637483268428167
0.6395229199591526
0.6415606294506568
0.6435963959987068
0.6456302187018335
0.6476620966610127
0.6496920289796043
0.6517200147632933
0.6537460531200292
0.6557698925404165
0.6577917717001751
0.6598116996011842
0.6618296753625722
0.663845698105438
0.6658597669527955
0.667871881029514
0.6698820394622629
0.6718902413794525
0.6738963365004764
0.6759003538473656
0.677902410922532
0.6799025068635474
0.6819006408094441
0.683896811900658
0.685891019278975
0.6878832620874747
0.6898735394704776
0.6918617608445381
0.6938478287352969
0.6958319275073106
0.6978140563121137
0.6997942143022091
0.701772400631015
0.7037486144528116
0.7057228549226894
0.7076951211964966
0.7096653414915656
0.7116333737342886
0.7135994281383032
0.7155635038647941
0.7175256000754413
0.7194857159323714
0.7214438505981049
0.7234000032355071
0.7253541730077385
0.7273062667762036
0.7292561782953131
0.7312041033453172
0.733150041092899
0.7350939907047856
0.7370359513476975
0.7389759221883004
0.7409139023931586
0.7428498911286856
0.7447837345807663
0.7467154410935593
0.7486451525602679
0.7505728681490793
0.752498587027788
0.7544223083637495
0.756344031323833
0.7582637550743766
0.7601814787811393
0.7620969495628926
0.7640103672672292
0.7659217813670618
0.7678311910282343
0.7697385954157796
0.7716439936938746
0.773547385025795
0.7754487685738721
0.7773480638637269
0.7792451204753684
0.7811401657480551
0.7830331988427537
0.7849242189192592
0.7868132251361524
0.7887002166507573
0.790585192619099
0.7924681521958605
0.7943488485184069
0.7962274575745514
0.7981040466799765
0.7999786149864165
0.8018511616440465
0.8037216858014393
0.8055901866055262
0.8074566632015542
0.8093209874421465
0.8111830926673742
0.813043170113799
0.8149012189223599
0.8167572382321022
0.8186112271801356
0.820463184901596
0.8223131105296049
0.8241609716826974
0.8260065050689274
0.8278500027716207
0.8296914639182711
0.8315308876341532
0.8333682730422847
0.8352036192633866
0.8370369254158474
0.8388681906156826
0.8406971257630929
0.8425239750590289
0.8443487797808473
0.8461715390374926
0.8479922519353393
0.8498109175781541
0.8516275350670603
0.8534421035005
0.8552543814303586
0.8570645129195077
0.8588725916965672
0.860678616851666
0.862482587472059
0.8642845026420927
0.8660843614431679
0.8678821629537059
0.8696776932367574
0.8714710366277637
0.8732623190293713
0.8750515395104785
0.8768386971368163
0.8786237909709143
0.8804068200720652
0.8821877834962886
0.8839664756552177
0.8857429596152642
0.887517374150359
0.8892897183058249
0.8910599911235313
0.892828191641861
0.8945943188956755
0.8963583719162828
0.8981201353179463
0.8998796873266088
0.9016371612981277
0.9033925562519669
0.9051458712038598
0.9068971051657747
0.9086462571458839
0.9103933261485299
0.912138069898478
0.9138806161053862
0.9156210754684035
0.9173594469789128
0.9190957296242952
0.9208299223878977
0.9225620242490022
0.9242920341827923
0.9260196670220673
0.9277451321081791
0.9294685013316375
0.9311897736535777
0.9329089480308694
0.9346260234160857
0.9363409987574716
0.9380538729989122
0.9397643032031191
0.9414726102454308
0.9431788121772807
0.9448829079274436
0.9465848964201704
0.9482847765751591
0.9499825473075234
0.9516781589658438
0.9533713428083929
0.9550624131479075
0.9567513688834823
0.9584382089094665
0.960122932115435
0.9618055373861579
0.9634860236015709
0.9651642607097406
0.9668401370447556
0.968513890157541
0.9701855189109948
0.9718550221630238
0.9735223987665139
0.9751876475693005
0.9768507674141402
0.9785115363818908
0.9801700229703012
0.9818263763414694
0.9834805953201176
0.9851326787257353
0.9867826253725495
0.9884304340694958
0.9900761036201904
0.9917193100235786
0.9933603225276925
0.9949991915281475
0.9966359158095515
0.9982704941510403
0.9999029253262524
1.0015332081032977
1.003161285028535
1.0047868897360945
1.006410341598642
1.0080316393644428
1.0096507817760871
1.011267767570461
1.0128825954787197
1.0144952642262581
1.0161056007110671
1.0177135667528199
1.0193193690784883
1.0209230063926817
1.022524477394107
1.024123780775536
1.025720915223781
1.027315879419667
1.0289083781695911
1.0304986145305608
1.0320866759698843
1.0336725611466782
1.0352562687139288
1.036837797318463
1.0384171456009228
1.0399942765416426
1.0415688747475667
1.0431412878591964
1.0447115144946746
1.046279553265816
1.047845402778081
1.0494090616305503
1.0509705284158946
1.0525296377694244
1.0540863283606388
1.0556408219887665
1.057193117223087
1.058743212626333
1.0602911067546619
1.0618367981576298
1.0633802853781666
1.0649212722962522
1.066459956638341
1.0679964317731854
1.0695306962194442
1.0710627484890114
1.0725925870869892
1.0741202105116612
1.0756455825907765
1.0771683794931795
1.0786889560817783
1.080207310829831
1.0817234422036428
1.0832373486625375
1.0847490286588328
1.0862584806378122
1.0877655392320495
1.089270136882309
1.0907725012366019
1.0922726307143342
1.0937705237277453
1.0952661786818796
1.0967595939745622
1.0982507679963716
1.099739408072213
1.1012256993226954
1.1027097438806552
1.1041915401099538
1.1056710863670718
1.1071483810010865
1.1086234223536429
1.1100961903156246
1.1115663236784794
1.1130341982104506
1.1144998122257423
1.115963164030997
1.117424251925267
1.1188830741999902
1.1203396291389638
1.1217937792116595
1.1232453964706126
1.1246947406925625
1.1261418101330478
1.1275866030398356
1.1290291176528964
1.130469352204377
1.1319073049185753
1.1333427273040106
1.1347757119465025
1.1362064088940254
1.137634816341812
1.1390609324771175
1.1404847554791924
1.1419062835192575
1.1433255147604786
1.1447420978660983
1.1461563299207698
1.1475682591579526
1.1489778837109497
1.1503852017048821
1.1517902112566614
1.153192910474963
1.1545932554021117
1.1559909278367497
1.1573862837761464
1.1587793212984323
1.160170038473376
1.1615584333623574
1.1629445040183441
1.1643282484858637
1.165709541918567
1.167088227082726
1.1684645797274578
1.1698385978659678
1.1712102795028985
1.1725796226342995
1.1739466252476047
1.1753112853216052
1.176673410205673
1.1780329776737788
1.1793901960981288
1.1807450634254284
1.1820975775936158
1.1834477365318363
1.1847955381604165
1.186140980390839
1.187483817650941
1.1888241331702376
1.1901620826092216
1.1914976638465355
1.1928308747518532
1.1941617131858562
1.1954901770002055
1.1968162640375186
1.1981396925243
1.1994606179232141
1.2007791596811022
1.2020953156069978
1.2034090835007667
1.204720461153083
1.2060294463454013
1.207336036849932
1.2086399332896138
1.2099413263876038
1.2112403177479352
1.2125369051085029
1.213831086197837
1.215122858735077
1.216412220429946
1.2176991689827243
1.2189834079292352
1.220265122448171
1.2215444165853029
1.2228212880058755
1.224095734365573
1.2253677533104919
1.2266373424771153
1.2279044994922885
1.229168953281969
1.2304308387590936
1.231690284651341
1.2329472885498132
1.2342018480358563
1.2354539606810333
1.2367036240470992
1.2379508356859774
1.2391953743949184
1.2404372760974585
1.2416767184418949
1.2429136989437124
1.2441482151084469
1.2453802644316574
1.246609844398905
1.2478369524857231
1.249061443889786
1.2502832027313011
1.2515024818603033
1.252719278715209
1.2539335907242946
1.2551454153056683
1.2563547498672483
1.257561591806736
1.2587659013443222
1.2599673538028808
1.261166305602523
1.262362754103167
1.2635566966544032
1.2647481305954658
1.265937053255209
1.2671234619520844
1.2683073539941128
1.26948843072802
1.270666886558427
1.271842817460953
1.2730162207051012
1.274187093549835
1.275355433243551
1.2765212370240577
1.2776845021185483
1.2788451006124242
1.2800028872302223
1.2811581266769674
1.2823108161407055
1.2834609527987597
1.284608533817705
1.2857535563533449
1.2868960175506867
1.2880359145439162
1.2891729351690462
1.2903073046135072
1.2914391011246684
1.2925683217968775
1.293694963713555
1.294819023947171
1.2959404995592212
1.297059387600203
1.2981756224309304
1.2992889385651603
1.30039965818043
1.3015077782868112
1.302613295883273
1.3037162079576603
1.3048165114866697
1.3059142034358249
1.3070092807594555
1.308101579738059
1.3091910336733137
1.310277863783734
1.3113620669825818
1.3124436401718245
1.3135225802421115
1.314598884072752
1.3156725485316905
1.3167435704754857
1.3178117373149405
1.318877083082663
1.3199397768809544
1.320999815524697
1.3220571958172904
1.3231119145506312
1.3241639685050892
1.3252133544494846
1.3262600691410675
1.32730390379009
1.32834488819638
1.3293831916372658
1.3304188108277457
1.3314517424711558
1.3324819832591492
1.3335095298716741
1.334534378976952
1.3355565272314558
1.3365758258564695
1.3375921883809985
1.3386058400807888
1.3396167775695247
1.3406249974490572
1.341630496309383
1.3426332707286244
1.3436333172730068
1.3446306324968418
1.3456251874708745
1.3466166601722585
1.3476053913149597
1.348591377410003
1.3495746149564156
1.3505551004412122
1.3515328303393694
1.3525078011138105
1.3534800092153836
1.3544494510828429
1.3554159165423776
1.3563794507929456
1.357340208272954
1.3582981853773666
1.3592533784889798
1.360205783978404
1.3611553982040494
1.3621022175121014
1.3630462382365063
1.363987456698953
1.3649255596594847
1.3658608036956863
1.3667932346324532
1.3677228487472384
1.3686496423051724
1.3695736115590447
1.3704947527492897
1.3714130621039677
1.3723285358387476
1.3732411701568936
1.3741506322526857
1.3750572236109682
1.375960964411876
1.3768618508140595
1.3777598789637078
1.3786550449945316
1.3795473450277473
1.3804367751720628
1.3813233315236635
1.3822070101661974
1.3830875476842146
1.3839651131029331
1.3848397893668758
1.3857115725147755
1.386580458572782
1.3874464435544445
1.388309523460704
1.3891696942798752
1.3900269519876367
1.3908812925470166
1.391732616475868
1.3925807718146042
1.3934259982531545
1.394268291709413
1.3951076480885887
1.395944063283193
1.3967775331730294
1.3976080536251836
1.3984356204940096
1.3992602296211236
1.4000818768353909
1.4009003958936295
1.401715776271519
1.402528182645644
1.4033376107995912
1.4041440565041743
1.4049475155174258
1.405747983584588
1.4065454564381052
1.4073399297976166
1.408131399369946
1.4089198608490985
1.4097052047119334
1.4104873156241995
1.4112664060134978
1.412042471528528
1.4128155078051625
1.413585510466438
1.414352475122551
1.4151163973708532
1.415877272795846
1.4166350969691757
1.4173898654496302
1.4181415737831347
1.418889988964951
1.4196352525865856
1.4203774432615104
1.4211165564904658
1.4218525877613397
1.422585532549165
1.4233153863161165
1.4240421445115112
1.4247658025718075
1.425486355920602
1.4262037999686317
1.4269181301137732
1.4276291512251007
1.4283369400134749
1.4290416017320786
1.4297431317338976
1.4304415253590852
1.431136777934967
1.4318288847760408
1.4325178411839794
1.4332036424476366
1.4338862838430477
1.434565760633435
1.4352420680692117
1.435915201387987
1.4365848880693106
1.4372513721575781
1.4379146685676458
1.4385747724927627
1.439231679113426
1.439885383597388
1.4405358810996636
1.4411831667625408
1.4418272357155841
1.442468083075648
1.443105703946884
1.44374009342075
1.444371246576022
1.4449990240275707
1.4456234172278557
1.4462445601613652
1.4468624478632928
1.4474770753562294
1.4480884376501735
1.4486965297425458
1.449301346618202
1.4499028832494478
1.450501134596053
1.451096095605266
1.4516877612118302
1.4522761263379997
1.4528611858935547
1.4534429013545656
1.4540210782274665
1.454595935174268
1.455167467062316
1.455735668746593
1.4563005350697384
1.4568620608620686
1.4574202409415975
1.4579750701140575
1.4585265431729202
1.4590746548994191
1.4596194000625737
1.4601607734192097
1.460698769713985
1.4612333836794136
1.4617646100358885
1.4622923086225452
1.4628165074841468
1.4633373039311004
1.4638546926431055
1.4643686682878907
1.4648792255212448
1.4653863589870428
1.4658900633172778
1.4663903331320893
1.4668871630397946
1.4673805476369184
1.4678704815082269
1.4683569592267578
1.4688399753538557
1.469319524439202
1.4697956010208535
1.4702681996252736
1.4707372370453369
1.4712026497165098
1.4716645691522858
1.4721229898408486
1.4725779062589863
1.4730293128721326
1.4734772041344035
1.4739215744886398
1.474362418366444
1.4747997301882252
1.4752335043632399
1.4756637352896316
1.4760904173544793
1.4765135449338374
1.4769331123927818
1.4773491140854558
1.4777615443551144
1.4781703975341736
1.4785756679442552
1.4789773498962377
1.4793753056938495
1.4797696091797543
1.4801603084593857
1.4805473978090207
1.4809308714944518
1.4813107237710403
1.4816869488837687
1.482059541067294
1.4824284945460042
1.482793803534072
1.4831554622355108
1.4835134648442343
1.4838678055441101
1.484218478509023
1.4845654779029305
1.4849087978799238
1.485248432584291
1.4855843761505763
1.4859166227036429
1.4862451663587382
1.4865700012215552
1.4868911213883
1.4872085209457566
1.487522193971353
1.487832009023472
1.4881380649420115
1.4884403780725806
1.4887389424637802
1.4890337521552033
1.4893248011775049
1.4896120835524735
1.4898955932931035
1.4901753244036726
1.4904512708798134
1.4907234267085896
1.490991785868574
1.4912563423299254
1.491517090054466
1.4917740229957623
1.492027135099205
1.4922764203020882
1.4925218725336942
1.4927634857153753
1.4930012537606367
1.4932351705752227
1.4934652300572022
1.4936914260970546
1.4939137525777584
1.4941322033748778
1.4943467723566557
1.4945574533841002
1.4947642403110795
1.494967126984411
1.4951661072439568
1.4953611749227183
1.4955523238469288
1.4957395478361533
1.4959228407033822
1.4961021448329048
1.496277470883789
1.4964488490374228
1.4966162730890815
1.4967797368279525
1.4969392340372374
1.4970947584942562
1.497246303970553
1.4973938642319993
1.4975374330389033
1.497677004146115
1.4978125713031378
1.4979441282542352
1.498071668738545
1.4981951864901875
1.4983146752383814
1.498430128707556
1.4985415406174658
1.498648904683309
1.4987522146158416
1.4988514641214974
1.4989466469025063
1.4990377566570139
1.4991247870792055
1.4992077318594255
1.4992865846843015
1.4993613392368703
1.4994319891967014
1.4994985282400264
1.4995609500398628
1.4996192482661457
1.499673416585859
1.4997234486631623
1.499769338159526
1.4998110787338637
1.499848664042667
1.4998820877401395
1.4999113434783353
1.4999364249072946
1.4999573256751848
1.4999740394284373
1.499986559811892
1.499994880468936
1.499998995041649
1.4999988971709473
1.499994580496728
1.499986038658018
1.4999732652931193
1.4999562540397577
1.499934998535237
1.4999094924165834
1.4998797293207042
1.499845702884536
1.4998074067452034
1.4997648345401717
1.4997179799074054
1.4996668364855248
1.499611397913966
1.499551657833143
1.499487609884604
1.4994192477111987
1.4993465649572415
1.4992695552686723
1.4991882122932283
1.4991025296806062
1.499012501082634
1.4989181201534385
1.498819380549616
1.4987162759304047
1.4986087999578594
1.4984969462970208
1.4983807086160956
1.4982600805866302
1.4981350558836888
1.498005628186033
1.4978717911763018
1.4977335385411892
1.4975908639716318
1.4974437611629878
1.4972922238152255
1.4971362456331034
1.4969758203263626
1.4968109416099113
1.4966416032040168
1.4964677988344925
1.496289522232891
1.496106767136698
1.495919487564386
1.495727658593277
1.4955313300156523
1.4953304955907638
1.4951251490848476
1.4949152842713256
1.4947008949310052
1.4944819748522828
1.4942585178313483
1.4940305176723876
1.493797968187791
1.4935608631983586
1.4933191965335086
1.4930729620314886
1.492822153539584
1.4925667649143295
1.4923067900217235
1.4920422227374404
1.4917730569470466
1.4914992865462158
1.4912209054409467
1.4909379075477807
1.4906502867940221
1.490358037117958
1.4900611524690794
1.4897596268083066
1.4894534541082085
1.4891426283532305
1.4888271435399205
1.4885069936771549
1.4881821727863664
1.4878526749017744
1.4875184681246887
1.4871794241674572
1.486835682934496
1.4864872385122214
1.4861340850010953
1.4857762165158583
1.4854136271857703
1.4850463111548464
1.4846742625820977
1.4842974756417702
1.4839159445235872
1.483529663432991
1.4831386265913862
1.4827428282363844
1.4823422626220495
1.4819369240191425
1.4815268067153704
1.4811119050156345
1.480692213242278
1.4802677257353367
1.4798384368527913
1.4794043409708175
1.4789653670937266
1.4785214124536246
1.4780726315692245
1.4776190188930303
1.4771605688971268
1.4766972760734394
1.4762291349339929
1.4757561400111712
1.4752782858579778
1.4747955670482988
1.4743079781771633
1.4738155138610072
1.4733181687379373
1.472815937467997
1.4723088147334316
1.4717967952389526
1.4712798737120099
1.4707580449030537
1.4702311313830734
1.4696992001688376
1.4691623435975327
1.4686205565174357
1.4680738338013042
1.4675221703466486
1.4669655610760053
1.4664040009372121
1.465837484903684
1.4652660079746864
1.4646895651756138
1.4641081515582663
1.4635217622011276
1.4629303922096422
1.4623340367164959
1.461732558347681
1.4611259084985582
1.460514256286708
1.4598975969616181
1.4592759258015544
1.4586492381138423
1.4580175292351525
1.4573807945317816
1.4567390293999398
1.456092229266034
1.4554403895869517
1.454783505850349
1.4541215735749358
1.453454588310762
1.4527822495005314
1.452104802371307
1.4514222867332287
1.450734698271531
1.4500420327043704
1.4493442857831087
1.4486414532926077
1.4479335310515158
1.4472205149125588
1.4465024007628293
1.4457791845240795
1.4450508621530087
1.444317242056943
1.4435783242968796
1.442834286199934
1.4420851238741772
1.4413308334642325
1.4405714111515642
1.4398068531547712
1.4390371557298776
1.4382623151706269
1.4374823278087732
1.436697190014373
1.4359068711141203
1.4351110250411347
1.43431001567561
1.4335038395540272
1.4326924932527785
1.431875973388462
1.4310542766181729
1.4302273996397936
1.4293953391922893
1.428558092055997
1.4277156550529155
1.426867871517839
1.426014623952979
1.4251561751396316
1.4242925220813076
1.4234236618247884
1.4225495914604107
1.4216703081223623
1.4207858089889662
1.4198960912829734
1.4190011522718473
1.4181008714860865
1.417195038550313
1.4162839743895201
1.4153676764663785
1.414446142289858
1.4135193694155188
1.4125873554457922
1.4116500980302678
1.4107075948659755
1.409759843697672
1.408806530921891
1.4078478129372858
1.40688383860109
1.4059146058667729
1.4049401127370835
1.4039603572643329
1.4029753375506726
1.401985051748368
1.4009894980600797
1.3999884293496594
1.398981852326596
1.3979700005809965
1.3969528725361995
1.3959304666674575
1.394902781502204
1.3938698156203246
1.3928315676544272
1.3917880362901087
1.3907388623039454
1.3896842608168074
1.3886243706926926
1.3875591908495137
1.3864887202596412
1.3854129579501624
1.3843319030031433
1.383245554555884
1.382153783070059
1.3810563309540924
1.3799535815947996
1.3788455343718575
1.3777321887215912
1.376613544137225
1.37548960016913
1.3743603564250706
1.3732257767127845
1.3720854043053015
1.370939729939409
1.3697887534749056
1.368632474830331
1.367470893983206
1.3663040109702655
1.365131825887695
1.3639542643654796
1.3627709345606789
1.3615823021268592
1.3603883674214234
1.359189130862503
1.3579845929291734
1.356774754161679
1.3555596151616522
1.3543389372666954
1.3531126467893568
1.3518810572023499
1.3506441693771754
1.349401984247915
1.3481545028114323
1.346901726127584
1.3456436553194164
1.344379767305961
1.3431105479172372
1.3418360372648477
1.340556236749755
1.3392711478372117
1.3379807720569503
1.3366851110033704
1.3353838165071588
1.3340770169762586
1.3327649366022873
1.3314475772641075
1.3301249409062577
1.328797029539122
1.3274638452391019
1.326125125151395
1.3247808203507936
1.32343124865413
1.3220764124282525
1.3207163141069371
1.3193509561910413
1.3179803412486548
1.316604206519254
1.3152224971174622
1.3138355383662064
1.3124433331293979
1.3110458843389874
1.3096431949950997
1.3082352681661669
1.3068217606288428
1.30540277361919
1.303978558471747
1.302549118555489
1.3011144573083924
1.2996745782375527
1.2982294849192928
1.2967786780413455
1.29532256721242
1.2938612531797355
1.2923947398241888
1.2909230310964848
1.2894461310172314
1.2879639180561235
1.2864760432269189
1.284982989570831
1.2834847614159584
1.2819813631607748
1.2804727992742035
1.2789590742956856
1.2774397785747145
1.2759151374625703
1.2743853495174167
1.2728504195888304
1.2713103525972553
1.2697651535340522
1.268214674679442
1.2666586161100826
1.2650974412354048
1.2635311553585722
1.2619597638538975
1.260383272166874
1.2588016858141993
1.257214455219343
1.2556220842443406
1.2540246361266318
1.2524221166958656
1.2508145318529946
1.2492018875702793
1.2475837956512872
1.2459604374540807
1.2443320388598025
1.2426986061539924
1.2410601456934816
1.2394166639063693
1.237767889893063
1.2361137714438741
1.2344546522315343
1.2327905389971103
1.2311214385527969
1.2294473577818754
1.227768102289812
1.226083468655918
1.224393876777154
1.2226993338488015
1.2209998471369614
1.2192954239784923
1.2175859090312917
1.2158710233429963
1.2141512248024102
1.2124265210567597
1.210696919823638
1.208962428890916
1.207222897888646
1.2054780412656494
1.2037283200409652
1.2019737423105326
1.2002143162400536
1.1984500500648816
1.1966807676976443
1.1949062391353642
1.1931268970574882
1.1913427500044664
1.1895538065857552
1.1877600754796895
1.1859613275858056
1.1841574438013676
1.1823488003940943
1.1805354063437696
1.1787172706982818
1.1768944025734729
1.175066495941915
1.173233591179712
1.1713959834589973
1.1695536821927444
1.1677066968609826
1.1658550370106193
1.1639982991276203
1.162136724924508
1.16027050715741
1.1583996556653857
1.1565241803533532
1.1546440911918894
1.1527588699319182
1.1508689948423054
1.1489745382658798
1.1470755104597314
1.145171921745468
1.1432637091057853
1.1413504457705748
1.139432655051841
1.1375103475524444
1.1355835339385192
1.1336522249392327
1.1317162108660037
1.1297753666336663
1.1278300618925252
1.1258803076461847
1.1239261149599198
1.1219674949604186
1.1200040828653954
1.1180360727856467
1.1160636715862597
1.1140868906609254
1.1121057414632682
1.1101202355065725
1.1081298475023196
1.1061351022235073
1.1041360376583207
1.102132665579012
1.1001249978159067
1.0981129001141112
1.0960961225904056
1.0940750878997498
1.092049808124207
1.0900202954022349
1.0879865619283757
1.0859483010268156
1.0839056183892062
1.0818587547180272
1.079807722450484
1.0777525340780865
1.0756932021463166
1.0736292498339957
1.0715611344149938
1.0694889163103845
1.0674126082987112
1.06533222321062
1.0632476452169568
1.0611586182635513
1.0590655560415232
1.0569684716060828
1.0548673780625903
1.0527622885661911
1.050652917793876
1.0485393608882771
1.046421850901571
1.0443004012029729
1.0421750252094506
1.0400457363853428
1.037912088688301
1.0357745113685188
1.0336330651010295
1.031487763553312
1.0293386204381019
1.0271855342184273
1.0250282548068435
1.0228671785179757
1.0207023192581488
1.0185336909767704
1.0163613076659253
1.0141849179099456
1.0120045847735075
1.009820542205973
1.0076328043813723
1.0054413855141706
1.0032462998588558
1.0010471599597597
0.9988443147049798
0.9966378491102026
0.9944277775998798
0.9922141146361841
0.98999681110722
0.987775549646902
0.9855507438487736
0.9833224083346226
0.9810905577616104
0.9788552068218405
0.976616188621841
0.9743734356171281
0.9721272300993495
0.969877586907735
0.9676245209140633
0.9653680470222259
0.9631078978403316
0.9608442213084227
0.958577185407848
0.956306805176915
0.9540330956836138
0.951756072025173
0.9494753844426751
0.9471913602836151
0.9449040711014242
0.942613532114861
0.9403197585694631
0.9380227440564851
0.9357221402477077
0.9334183514863432
0.9311113931284685
0.9288012805544611
0.9264880291685448
0.9241715736864368
0.9218516984174479
0.919528734436809
0.9172026972461815
0.9148736023685811
0.9125414653479216
0.9102061812328566
0.9078676286152134
0.9055260843838802
0.9031815641670512
0.9008340836113162
0.8984836583812079
0.8961301630570853
0.8937735321340532
0.8914140074300726
0.8890516046807817
0.886686339637259
0.8843182280655644
0.8819471430424088
0.8795730370119865
0.8771961356458768
0.8748164547680986
0.8724340102151631
0.8700488178356187
0.867660767711183
0.8652697931503426
0.8628761221896952
0.860479770722665
0.858080754652234
0.8556790898904962
0.8532747013586233
0.8508674674512283
0.848457636449373
0.8460452242970475
0.8436302469448949
0.8412127203497679
0.8387926212190058
0.8363697389898265
0.833944359220951
0.8315164978882935
0.8290861709715518
0.8266533944537648
0.8242181843208759
0.8217802942367429
0.8193399779398014
0.8168972797782065
0.8144522157423595
0.8120048018231794
0.8095550540116746
0.80710282234515
0.8046481819788016
0.802191259442887
0.7997320707204688
0.7972706317923559
0.7948069586366816
0.7923410105168509
0.7898726580275761
0.7874021229454766
0.784929421228592
0.7824545688299942
0.7799775816973741
0.777498475772627
0.7750170855661878
0.7725335484253761
0.7700479439540524
0.767560288060334
0.7650705966443183
0.7625788855976767
0.7600851324459275
0.7575892016964716
0.7550913025647351
0.752591450897115
0.7500896625294178
0.747585953286475
0.74508033898175
0.7425727319661141
0.740063143447558
0.7375517008017993
0.7350384197841606
0.7325233161365116
0.73000640558689
0.7274877038491272
0.7249670915802493
0.7224446591767306
0.7199204861343845
0.7173945880965406
0.714866980690316
0.712337679526255
0.7098067001979713
0.7072739214029786
0.7047394526612091
0.7022033558508052
0.6996656464830467
0.6971263400503643
0.6945854520259916
0.6920429978636269
0.6894988800168392
0.6869531750594405
0.6844059535406786
0.6818572308206496
0.6793070222380857
0.6767553431100299
0.6742022087315093
0.6716475667627049
0.6690914172535369
0.6665338614897189
0.6639749146619943
0.6614145919373622
0.6588529084587654
0.6562898793447843
0.6537255144283554
0.6511597025923229
0.6485925934775763
0.6460242020883403
0.64345454340285
0.6408836323730556
0.6383114839243333
0.6357381129551982
0.6331634800514909
0.630587587994831
0.628010520983642
0.6254322937914032
0.6228529211632192
0.620272417815552
0.6176907984359494
0.6151080776827792
0.6125242018923012
0.609939216742558
0.6073531769289721
0.6047660969750184
0.6021779913735984
0.5995888745867918
0.5969987610456086
0.5944076651497407
0.5918155464222371
0.5892224375224631
0.5866283920617188
0.5840334242957879
0.5814375484478636
0.5788407787083258
0.5762431292345132
0.5736446141504988
0.5710452258231765
0.568444943508493
0.5658438404070347
0.5632419304907903
0.5606392276973331
0.5580357459296134
0.555431499055757
0.5528265009088601
0.5502207652867953
0.5476142629015073
0.5450070299217596
0.5423991031471219
0.5397904962152229
0.5371812227274475
0.5345712962487584
0.5319607303075151
0.5293495383952961
0.5267377339667256
0.5241252941213953
0.5215122544438228
0.5188986447335073
0.5162844782777212
0.5136697683258995
0.5110545280894829
0.5084387707417599
0.5058225094177178
0.503205757213889
0.5005885138622859
0.49797078044752574
0.4953525973941021
0.49273397762512605
0.4901149340245032
0.4874954794368004
0.4848756266671155
0.4822553884809464
0.4796347776040626
0.47701380672238497
0.47439247442185306
0.4717707953160858
0.4691487960272723
0.4665264890623555
0.46390388688781947
0.4612810019295813
0.4586578465728832
0.4560344331621885
0.45341077400108115
0.4507868813521636
0.4481627652086867
0.44553842683236616
0.44291389333331865
0.44028917679082
0.43766428924269407
0.43503924268523164
0.432414049073108
0.4297887203193005
0.4271632682950143
0.42453770482960723
0.421912041710513
0.419286290116073
0.4166604581612289
0.4140345632887814
0.4114086170993737
0.408782631151397
0.40615661696094063
0.40353058600172903
0.40090454970506967
0.39827851945980175
0.395652506612246
0.39302652246615366
0.3904005782826677
0.387774686373088
0.38514886100492585
0.3825231105383984
0.3798974460455563
0.37727187855566136
0.3746464190551506
0.37202107848760857
0.3693958677537377
0.3667707977113335
0.36414587917525854
0.3615211229174231
0.35889653966676327
0.3562721401092229
0.35364793961091867
0.3510239533601182
0.34840018378584303
0.34577664138407693
0.34315333660778113
0.34053027986688855
0.3379074815282992
0.33528495191587676
0.33266270131045245
0.33004073994982297
0.3274190780287559
0.32479772569899545
0.32217669306926644
0.3195559902052877
0.3169356288079601
0.3143156364570757
0.31169600475632697
0.3090767435822473
0.3064578627684715
0.30383937210576195
0.3012212813420268
0.2986036001823438
0.2959863382889876
0.29336950528145234
0.2907531107364841
0.2881371641881092
0.28552167512766513
0.2829066530038351
0.2802921072226825
0.2776780471476844
0.27506448209977413
0.2724514435278682
0.2698389231800354
0.2672269262344294
0.26461546182581464
0.2620045390466772
0.25939416694727113
0.2567843545356671
0.25417511077780364
0.2515664445975391
0.24895836487670098
0.2463508804551479
0.24374400013082048
0.24113773265979882
0.2385320867563634
0.2359270710930529
0.2333226943007281
0.23071896496863217
0.22811589164445767
0.22551348283440784
0.22291176195474618
0.22031073668306775
0.217710401572194
0.21511076494785614
0.21251183509470992
0.20991362025640714
0.2073161286356685
0.20471936839436383
0.2021233476535847
0.19952807449372434
0.1969335569545559
0.1943398030353139
0.19174682069477272
0.18915461785133256
0.18656320238310126
0.18397258212797823
0.18138276488374144
0.1787937584081345
0.17620557041894971
0.17361820859412405
0.17103168057182422
0.168445993950538
0.1658611562891686
0.16327717510712128
0.1606940578844045
0.1581118168793258
0.15553047671270526
0.15295002273862587
0.15037046226703027
0.14779180256901506
0.14521405087693126
0.14263721438448682
0.14006130024684443
0.13748631558072558
0.13491226746451096
0.1323391629383483
0.12976700900425248
0.12719581262621366
0.124625580730302
0.12205632020477446
0.11948803790018139
0.11692074062947744
0.11435443516812871
0.11178912825422296
0.1092248265885799
0.10666153683486089
0.10409926561968319
0.10153801953273169
0.09897780512687171
0.09641862891826286
0.09386049738647385
0.09130341697459532
0.08874739408935992
0.08619243510125527
0.08363854634464166
0.08108573411787003
0.0785340046833992
0.07598336426791505
0.07343381906245001
0.07088537522250202
0.06833803886815576
0.06579181608420222
0.06324671292026059
0.06070273539090028
0.05815988947576345
0.05561818111968636
0.05307761623282478
0.05053820069077507
0.04799994033470051
0.04546284097145531
0.042926908373708626
0.04039214828007054
0.03785856639522006
0.03532616839002564
0.03279495990167912
0.030264946533817456
0.027736133856650642
0.0252085274070941
0.022682132688887476
0.020156955172733727
0.017633000296420998
0.015110273464952223
0.012588780050678337
0.010068525393423773
0.00754951480061717
0.00503175354742443
0.0025152468768764227
1.8369701987210297e-16
-0.002513981904048469
-0.005026693687856897
-0.0075381302356195305
-0.010048286463009669
-0.012557157317046569
-0.015064737775963156
-0.017571022849071655
-0.020076007576637193
-0.022579687029736128
-0.02508205631012953
-0.02758311055012938
-0.03008284491246036
-0.03258125459013565
-0.035078334806313005
-0.037574080814167264
-0.0400684878967561
-0.04256155136688325
-0.045053266566967065
-0.047543628868906146
-0.050032633673942076
-0.05252027641252875
-0.055006552544195196
-0.05749145755741251
-0.05997498696946045
-0.06245713632628823
-0.06493790120238438
-0.06741727720063878
-0.06989525995221113
-0.07237184511639158
-0.0748470283804715
-0.07732080545960271
-0.0797931720966667
-0.08226412406213673
-0.08473365715394542
-0.08720176719735001
-0.08966845004479392
-0.09213370157577488
-0.09459751769670936
-0.09705989434079787
-0.09952082746788846
-0.10198031306434586
-0.10443834714291209
-0.10689492574257527
-0.10935004492843321
-0.1118037007915583
-0.11425588944886689
-0.11670660704297983
-0.11915584974209148
-0.12160361373983485
-0.12404989525514659
-0.1264946905321336
-0.12893799583994073
-0.13137980747261332
-0.13382012174896749
-0.13625893501245404
-0.138696243631025
-0.14113204399700444
-0.14356633252694917
-0.14599910566151972
-0.14843035986534672
-0.15086009162689906
-0.15328829745834766
-0.15571497389544037
-0.15814011749736243
-0.1605636834133573
-0.1629856996448614
-0.1654061717882588
-0.1678250964910926
-0.17024247042374632
-0.1726582902793183
-0.17507255277348696
-0.17748525464438109
-0.17989639265244928
-0.18230596358032986
-0.18471396423271824
-0.18712039143624035
-0.18952524203932003
-0.19192851291204904
-0.19433020094606207
-0.19673030305440237
-0.1991288161713955
-0.2015257372525199
-0.20392106327427903
-0.2063147912340722
-0.20870691815006948
-0.2110974410610798
-0.21348635702642726
-0.21587366312582143
-0.2182593564592315
-0.22064343414676246
-0.22302589332852296
-0.2254066947199473
-0.22778583190457227
-0.2301633409485483
-0.23253921906822705
-0.23491346349939646
-0.23728607149714914
-0.2396570403357619
-0.2420263673085696
-0.24439404972784232
-0.2467600849246631
-0.24912447024880005
-0.25148720306858696
-0.2538482807707999
-0.25620770076053423
-0.2585654604610823
-0.26092155731381406
-0.2632759887780516
-0.2656287523309504
-0.26797984546737913
-0.2703292656997965
-0.27267701055813565
-0.27502306274929295
-0.2773673527804191
-0.2797099589004491
-0.2820508787065404
-0.2843901098127716
-0.2867276498500264
-0.2890634964658731
-0.29139764732444695
-0.29373010010633405
-0.29606085250845315
-0.298389902243941
-0.300717247042033
-0.30304288464794965
-0.3053668128227798
-0.3076890293433654
-0.3100095320021869
-0.31232831860725063
-0.3146453869819708
-0.3169607349650592
-0.3192742553283674
-0.32158604041111133
-0.323896097444654
-0.326204424327136
-0.3285110189714715
-0.33081587930523515
-0.3331190032705501
-0.33542038882397734
-0.3377200339364063
-0.34001793659294166
-0.3423140947927961
-0.34460850654917885
-0.34690116988918684
-0.34919208285369885
-0.35148124349726206
-0.3537686498879868
-0.3560542162387263
-0.3583379768493538
-0.3606199762089024
-0.3629002124386631
-0.3651786836729902
-0.3674553880591941
-0.369730323757436
-0.37200348894062285
-0.37427488179430424
-0.3765445005165642
-0.3788123433179198
-0.3810784084212171
-0.3833426940615271
-0.38560519848604363
-0.3878659199539822
-0.39012474759120147
-0.3923817514880228
-0.3946369659850027
-0.39689038938893706
-0.3991420200181682
-0.4013918562024786
-0.40363989628299435
-0.4058861386120846
-0.40813058155326226
-0.41037322348108496
-0.4126140627810584
-0.41485309784953533
-0.41709032709362037
-0.41932574893107194
-0.4215592186811824
-0.4237908606153006
-0.42602068916474095
-0.4282487027898587
-0.43047489996120836
-0.43269927915944756
-0.4349218388752423
-0.4371425776091754
-0.439361493871649
-0.4415785861827928
-0.4437938530723703
-0.4460072930796867
-0.44821890475349757
-0.4504285380569917
-0.45263631561352546
-0.45484225924686883
-0.4570463675439505
-0.4592486391007159
-0.4614490725220357
-0.46364766642161315
-0.4658444194218975
-0.46803933015399535
-0.47023239725757865
-0.47242361938080113
-0.4746129951802066
-0.4768004330780693
-0.4789859275691407
-0.4811695704695097
-0.48335136046999455
-0.48553129626939096
-0.4877093765743837
-0.4898856000994618
-0.492059965566835
-0.4942324717063475
-0.4964031172553959
-0.4985719009588423
-0.5007388215689329
-0.5029037476253757
-0.5050667421176219
-0.5072278685401617
-0.5093871256757776
-0.5115445123142381
-0.5137000272522169
-0.5158536692932129
-0.5180054372474676
-0.520155329931888
-0.5223033461699633
-0.524449484791687
-0.5265936814397574
-0.5287358548625627
-0.5308761459313587
-0.5330145535033969
-0.5351510764420524
-0.5372857136167466
-0.539418463902871
-0.5415493261817091
-0.5436782993403628
-0.5458053822716724
-0.5479305738741426
-0.5500537985469892
-0.5521749874992994
-0.5542942805988775
-0.5564116767683412
-0.558527174935607
-0.5606407740338202
-0.5627524730012796
-0.5648622707813652
-0.5669701663224667
-0.569076158577909
-0.5711802465058808
-0.5732822646273049
-0.5753823139222297
-0.577480454555561
-0.5795766855065827
-0.5816710057590937
-0.5837634143013407
-0.5858539101259481
-0.587942492229847
-0.5900291596142095
-0.5921139112843756
-0.5941966490297073
-0.5962773305874186
-0.5983560922491378
-0.6004329330386726
-0.6025078519836692
-0.6045808481155426
-0.6066519204694121
-0.6087210680840347
-0.6107882900017385
-0.6128535852683603
-0.6149168635014131
-0.6169780581400093
-0.6190373220797951
-0.6210946543825463
-0.6231500541132251
-0.6252035203399191
-0.627255052133774
-0.6293046485689328
-0.6313523087224722
-0.6333980316743407
-0.635441675764239
-0.6374832684281667
-0.6395229199591523
-0.6415606294506568
-0.6435963959987067
-0.6456302187018327
-0.6476620966610123
-0.6496920289796042
-0.6517200147632932
-0.653746053120029
-0.6557698925404156
-0.6577917717001747
-0.6598116996011842
-0.6618296753625721
-0.6638456981054379
-0.6658597669527953
-0.6678718810295137
-0.6698820394622623
-0.6718902413794522
-0.673896336500476
-0.6759003538473655
-0.6779024109225313
-0.6799025068635469
-0.6819006408094435
-0.6838968119006575
-0.6858910192789746
-0.6878832620874746
-0.6898735394704769
-0.6918617608445373
-0.6938478287352966
-0.6958319275073103
-0.6978140563121134
-0.6997942143022086
-0.7017724006310144
-0.7037486144528109
-0.705722854922689
-0.7076951211964964
-0.7096653414915655
-0.7116333737342883
-0.7135994281383029
-0.7155635038647936
-0.7175256000754412
-0.7194857159323711
-0.7214438505981042
-0.7234000032355066
-0.7253541730077382
-0.7273062667762034
-0.729256178295313
-0.7312041033453169
-0.7331500410928987
-0.7350939907047853
-0.7370359513476967
-0.7389759221882999
-0.7409139023931584
-0.742849891128685
-0.7447837345807657
-0.746715441093559
-0.7486451525602678
-0.750572868149079
-0.7524985870277876
-0.7544223083637488
-0.7563440313238327
-0.7582637550743763
-0.7601814787811393
-0.7620969495628922
-0.7640103672672283
-0.7659217813670611
-0.7678311910282338
-0.7697385954157795
-0.7716439936938745
-0.7735473850257952
-0.7754487685738715
-0.7773480638637265
-0.7792451204753678
-0.7811401657480551
-0.7830331988427541
-0.7849242189192586
-0.7868132251361515
-0.7887002166507571
-0.7905851926190991
-0.7924681521958604
-0.794348848518407
-0.7962274575745509
-0.798104046679976
-0.7999786149864161
-0.801851161644046
-0.8037216858014393
-0.8055901866055257
-0.8074566632015538
-0.8093209874421463
-0.811183092667374
-0.8130431701137986
-0.8149012189223599
-0.8167572382321017
-0.818611227180135
-0.8204631849015953
-0.8223131105296044
-0.824160971682697
-0.8260065050689267
-0.8278500027716202
-0.8296914639182708
-0.8315308876341531
-0.8333682730422842
-0.8352036192633866
-0.8370369254158471
-0.838868190615682
-0.8406971257630926
-0.8425239750590283
-0.8443487797808472
-0.8461715390374923
-0.8479922519353389
-0.8498109175781539
-0.8516275350670601
-0.8534421035004996
-0.8552543814303586
-0.8570645129195074
-0.8588725916965668
-0.8606786168516655
-0.8624825874720584
-0.8642845026420921
-0.8660843614431672
-0.867882162953705
-0.8696776932367569
-0.8714710366277637
-0.8732623190293711
-0.8750515395104785
-0.8768386971368158
-0.878623790970914
-0.8804068200720645
-0.8821877834962883
-0.8839664756552175
-0.8857429596152637
-0.8875173741503586
-0.8892897183058244
-0.8910599911235308
-0.8928281916418608
-0.8945943188956758
-0.896358371916282
-0.8981201353179458
-0.8998796873266085
-0.9016371612981275
-0.9033925562519668
-0.9051458712038591
-0.9068971051657742
-0.9086462571458835
-0.9103933261485297
-0.912138069898478
-0.9138806161053862
-0.9156210754684033
-0.9173594469789124
-0.9190957296242945
-0.9208299223878975
-0.9225620242490022
-0.9242920341827919
-0.9260196670220671
-0.9277451321081789
-0.929468501331637
-0.9311897736535774
-0.9329089480308694
-0.9346260234160857
-0.9363409987574713
-0.9380538729989119
-0.9397643032031191
-0.9414726102454308
-0.9431788121772806
-0.9448829079274429
-0.94658489642017
-0.948284776575159
-0.9499825473075231
-0.9516781589658435
-0.9533713428083923
-0.9550624131479075
-0.9567513688834819
-0.9584382089094661
-0.9601229321154345
-0.9618055373861578
-0.9634860236015708
-0.9651642607097406
-0.9668401370447552
-0.968513890157541
-0.9701855189109949
-0.9718550221630233
-0.9735223987665138
-0.9751876475693005
-0.9768507674141398
-0.9785115363818908
-0.9801700229703012
-0.981826376341469
-0.9834805953201173
-0.9851326787257353
-0.9867826253725491
-0.9884304340694956
-0.9900761036201899
-0.9917193100235782
-0.9933603225276921
-0.9949991915281475
-0.9966359158095515
-0.9982704941510403
-0.999902925326252
-1.001533208103297
-1.0031612850285343
-1.0047868897360943
-1.006410341598642
-1.0080316393644424
-1.0096507817760867
-1.0112677675704609
-1.0128825954787195
-1.0144952642262581
-1.016105600711067
-1.0177135667528197
-1.0193193690784876
-1.0209230063926817
-1.022524477394107
-1.0241237807755357
-1.0257209152237807
-1.0273158794196668
-1.028908378169591
-1.0304986145305608
-1.0320866759698841
-1.0336725611466782
-1.0352562687139284
-1.036837797318463
-1.0384171456009226
-1.0399942765416426
-1.0415688747475662
-1.0431412878591961
-1.044711514494674
-1.0462795532658151
-1.0478454027780808
-1.0494090616305503
-1.0509705284158946
-1.0525296377694238
-1.054086328360638
-1.0556408219887663
-1.057193117223087
-1.0587432126263332
-1.0602911067546614
-1.061836798157629
-1.063380285378166
-1.0649212722962522
-1.0664599566383406
-1.0679964317731847
-1.0695306962194437
-1.0710627484890116
-1.0725925870869886
-1.0741202105116605
-1.0756455825907758
-1.0771683794931792
-1.0786889560817776
-1.0802073108298302
-1.0817234422036421
-1.0832373486625375
-1.0847490286588328
-1.0862584806378122
-1.0877655392320495
-1.0892701368823083
-1.0907725012366012
-1.0922726307143338
-1.0937705237277453
-1.0952661786818796
-1.096759593974562
-1.0982507679963707
-1.099739408072213
-1.101225699322695
-1.102709743880655
-1.1041915401099538
-1.1056710863670716
-1.107148381001086
-1.108623422353642
-1.1100961903156243
-1.111566323678479
-1.1130341982104504
-1.1144998122257423
-1.115963164030997
-1.117424251925267
-1.11888307419999
-1.1203396291389633
-1.1217937792116592
-1.1232453964706124
-1.1246947406925625
-1.1261418101330474
-1.1275866030398352
-1.129029117652896
-1.1304693522043767
-1.1319073049185748
-1.1333427273040102
-1.1347757119465027
-1.1362064088940254
-1.1376348163418113
-1.1390609324771168
-1.1404847554791915
-1.1419062835192566
-1.1433255147604782
-1.1447420978660983
-1.1461563299207695
-1.147568259157952
-1.1489778837109494
-1.1503852017048821
-1.1517902112566616
-1.153192910474962
-1.1545932554021114
-1.1559909278367497
-1.157386283776146
-1.1587793212984316
-1.1601700384733753
-1.1615584333623574
-1.1629445040183441
-1.164328248485864
-1.165709541918567
-1.1670882270827265
-1.1684645797274573
-1.1698385978659676
-1.171210279502898
-1.172579622634299
-1.173946625247604
-1.175311285321605
-1.176673410205673
-1.1780329776737786
-1.1793901960981283
-1.180745063425428
-1.1820975775936158
-1.1834477365318354
-1.1847955381604158
-1.1861409803908385
-1.1874838176509406
-1.1888241331702372
-1.1901620826092214
-1.191497663846535
-1.1928308747518532
-1.1941617131858562
-1.195490177000206
-1.196816264037519
-1.198139692524299
-1.1994606179232137
-1.2007791596811017
-1.2020953156069971
-1.2034090835007665
-1.2047204611530828
-1.206029446345401
-1.2073360368499322
-1.2086399332896138
-1.2099413263876042
-1.2112403177479352
-1.2125369051085022
-1.2138310861978363
-1.2151228587350764
-1.2164122204299455
-1.2176991689827243
-1.218983407929235
-1.220265122448171
-1.2215444165853029
-1.2228212880058758
-1.2240957343655736
-1.225367753310492
-1.2266373424771149
-1.227904499492288
-1.2291689532819685
-1.230430838759093
-1.2316902846513405
-1.2329472885498132
-1.2342018480358563
-1.2354539606810333
-1.2367036240470992
-1.2379508356859774
-1.2391953743949187
-1.2404372760974582
-1.241676718441894
-1.2429136989437117
-1.2441482151084462
-1.2453802644316574
-1.2466098443989047
-1.2478369524857225
-1.2490614438897862
-1.2502832027313007
-1.251502481860303
-1.252719278715209
-1.253933590724294
-1.2551454153056678
-1.256354749867248
-1.257561591806736
-1.2587659013443222
-1.2599673538028804
-1.2611663056025226
-1.2623627541031672
-1.2635566966544032
-1.264748130595466
-1.2659370532552094
-1.267123461952084
-1.268307353994112
-1.2694884307280194
-1.2706668865584267
-1.2718428174609524
-1.273016220705101
-1.274187093549835
-1.275355433243551
-1.2765212370240577
-1.2776845021185483
-1.278845100612424
-1.2800028872302214
-1.2811581266769665
-1.282310816140705
-1.2834609527987593
-1.2846085338177047
-1.2857535563533449
-1.2868960175506865
-1.2880359145439164
-1.2891729351690462
-1.2903073046135067
-1.2914391011246684
-1.2925683217968775
-1.2936949637135549
-1.2948190239471704
-1.2959404995592207
-1.2970593876002026
-1.2981756224309304
-1.29928893856516
-1.30039965818043
-1.301507778286811
-1.302613295883273
-1.3037162079576603
-1.3048165114866697
-1.3059142034358246
-1.3070092807594553
-1.3081015797380584
-1.3091910336733132
-1.310277863783734
-1.3113620669825818
-1.3124436401718245
-1.3135225802421113
-1.3145988840727516
-1.3156725485316902
-1.3167435704754857
-1.31781173731494
-1.3188770830826626
-1.319939776880954
-1.320999815524697
-1.3220571958172904
-1.3231119145506312
-1.324163968505089
-1.3252133544494844
-1.3262600691410673
-1.3273039037900904
-1.32834488819638
-1.3293831916372656
-1.3304188108277453
-1.3314517424711556
-1.332481983259149
-1.333509529871674
-1.3345343789769517
-1.335556527231456
-1.3365758258564695
-1.3375921883809982
-1.3386058400807888
-1.3396167775695247
-1.3406249974490567
-1.3416304963093828
-1.342633270728624
-1.3436333172730068
-1.3446306324968411
-1.3456251874708738
-1.3466166601722585
-1.3476053913149597
-1.348591377410003
-1.3495746149564156
-1.3505551004412126
-1.3515328303393692
-1.35250780111381
-1.3534800092153836
-1.3544494510828429
-1.3554159165423776
-1.3563794507929454
-1.357340208272954
-1.3582981853773666
-1.3592533784889793
-1.360205783978404
-1.3611553982040492
-1.362102217512101
-1.3630462382365056
-1.363987456698953
-1.364925559659484
-1.3658608036956859
-1.366793234632453
-1.3677228487472384
-1.3686496423051722
-1.3695736115590447
-1.37049475274929
-1.3714130621039677
-1.3723285358387471
-1.3732411701568932
-1.374150632252685
-1.375057223610968
-1.3759609644118753
-1.3768618508140593
-1.3777598789637078
-1.3786550449945316
-1.379547345027747
-1.3804367751720628
-1.381323331523664
-1.3822070101661974
-1.3830875476842142
-1.3839651131029327
-1.3848397893668751
-1.3857115725147755
-1.386580458572782
-1.3874464435544447
-1.3883095234607041
-1.3891696942798752
-1.390026951987637
-1.3908812925470173
-1.3917326164758679
-1.3925807718146037
-1.3934259982531545
-1.394268291709413
-1.3951076480885887
-1.395944063283193
-1.3967775331730294
-1.3976080536251836
-1.3984356204940094
-1.3992602296211236
-1.400081876835391
-1.4009003958936295
-1.401715776271519
-1.402528182645644
-1.403337610799591
-1.4041440565041738
-1.4049475155174256
-1.4057479835845879
-1.4065454564381052
-1.4073399297976166
-1.408131399369946
-1.4089198608490985
-1.4097052047119334
-1.4104873156241993
-1.4112664060134974
-1.4120424715285276
-1.412815507805162
-1.4135855104664374
-1.414352475122551
-1.4151163973708532
-1.415877272795846
-1.4166350969691757
-1.4173898654496306
-1.418141573783134
-1.4188899889649507
-1.4196352525865856
-1.4203774432615104
-1.4211165564904655
-1.4218525877613397
-1.422585532549165
-1.4233153863161165
-1.4240421445115115
-1.4247658025718077
-1.425486355920602
-1.4262037999686312
-1.426918130113773
-1.4276291512251003
-1.4283369400134747
-1.4290416017320784
-1.4297431317338973
-1.4304415253590852
-1.4311367779349675
-1.431828884776041
-1.4325178411839796
-1.4332036424476366
-1.4338862838430475
-1.434565760633435
-1.4352420680692113
-1.4359152013879863
-1.4365848880693102
-1.437251372157578
-1.437914668567646
-1.438574772492763
-1.4392316791134263
-1.439885383597388
-1.440535881099664
-1.44118316676254
-1.4418272357155837
-1.442468083075648
-1.443105703946884
-1.44374009342075
-1.444371246576022
-1.4449990240275703
-1.4456234172278557
-1.446244560161365
-1.4468624478632928
-1.4474770753562294
-1.4480884376501735
-1.4486965297425456
-1.4493013466182014
-1.4499028832494478
-1.450501134596053
-1.4510960956052659
-1.4516877612118302
-1.4522761263379997
-1.4528611858935552
-1.4534429013545656
-1.4540210782274665
-1.4545959351742674
-1.455167467062316
-1.4557356687465928
-1.4563005350697378
-1.4568620608620686
-1.4574202409415975
-1.4579750701140575
-1.4585265431729202
-1.4590746548994191
-1.4596194000625737
-1.46016077341921
-1.4606987697139848
-1.4612333836794131
-1.4617646100358885
-1.4622923086225452
-1.4628165074841468
-1.4633373039311004
-1.4638546926431055
-1.4643686682878907
-1.4648792255212446
-1.4653863589870428
-1.4658900633172778
-1.466390333132089
-1.4668871630397944
-1.4673805476369184
-1.4678704815082269
-1.4683569592267578
-1.4688399753538557
-1.469319524439202
-1.4697956010208535
-1.4702681996252736
-1.4707372370453367
-1.4712026497165098
-1.4716645691522858
-1.4721229898408479
-1.472577906258986
-1.4730293128721326
-1.4734772041344035
-1.4739215744886398
-1.4743624183664439
-1.4747997301882252
-1.4752335043632394
-1.4756637352896316
-1.4760904173544793
-1.4765135449338374
-1.4769331123927818
-1.4773491140854558
-1.4777615443551144
-1.4781703975341736
-1.4785756679442548
-1.4789773498962377
-1.4793753056938495
-1.4797696091797543
-1.4801603084593857
-1.4805473978090207
-1.4809308714944514
-1.4813107237710401
-1.481686948883768
-1.4820595410672939
-1.4824284945460042
-1.4827938035340715
-1.4831554622355108
-1.4835134648442343
-1.4838678055441101
-1.4842184785090229
-1.48456547790293
-1.4849087978799234
-1.485248432584291
-1.4855843761505763
-1.4859166227036429
-1.4862451663587382
-1.4865700012215552
-1.4868911213883
-1.4872085209457564
-1.487522193971353
-1.487832009023472
-1.4881380649420115
-1.4884403780725801
-1.48873894246378
-1.489033752155203
-1.4893248011775049
-1.4896120835524735
-1.4898955932931035
-1.4901753244036726
-1.4904512708798134
-1.4907234267085896
-1.490991785868574
-1.4912563423299254
-1.491517090054466
-1.4917740229957623
-1.492027135099205
-1.4922764203020882
-1.4925218725336942
-1.4927634857153749
-1.4930012537606367
-1.4932351705752227
-1.4934652300572022
-1.493691426097055
-1.4939137525777584
-1.4941322033748778
-1.4943467723566557
-1.4945574533841002
-1.4947642403110795
-1.494967126984411
-1.4951661072439568
-1.4953611749227183
-1.4955523238469288
-1.4957395478361533
-1.4959228407033822
-1.4961021448329048
-1.4962774708837885
-1.4964488490374228
-1.4966162730890815
-1.4967797368279525
-1.4969392340372374
-1.4970947584942562
-1.497246303970553
-1.4973938642319993
-1.4975374330389033
-1.497677004146115
-1.4978125713031378
-1.4979441282542352
-1.498071668738545
-1.4981951864901875
-1.4983146752383814
-1.498430128707556
-1.4985415406174658
-1.498648904683309
-1.4987522146158416
-1.4988514641214974
-1.4989466469025063
-1.4990377566570139
-1.4991247870792055
-1.4992077318594255
-1.4992865846843015
-1.4993613392368703
-1.4994319891967014
-1.4994985282400262
-1.4995609500398621
-1.4996192482661457
-1.499673416585859
-1.4997234486631623
-1.499769338159526
-1.4998110787338637
-1.499848664042667
-1.4998820877401395
-1.4999113434783353
-1.4999364249072946
-1.4999573256751848
-1.4999740394284373
-1.499986559811892
-1.499994880468936
-1.499998995041649
-1.4999988971709473
-1.499994580496728
-1.499986038658018
-1.4999732652931193
-1.4999562540397577
-1.499934998535237
-1.4999094924165834
-1.4998797293207042
-1.499845702884536
-1.4998074067452034
-1.4997648345401717
-1.4997179799074054
-1.4996668364855248
-1.4996113979139665
-1.499551657833143
-1.499487609884604
-1.4994192477111987
-1.4993465649572415
-1.4992695552686723
-1.4991882122932283
-1.4991025296806062
-1.499012501082634
-1.4989181201534385
-1.498819380549616
-1.4987162759304051
-1.4986087999578594
-1.4984969462970208
-1.4983807086160956
-1.4982600805866302
-1.4981350558836888
-1.498005628186033
-1.4978717911763018
-1.4977335385411892
-1.4975908639716318
-1.4974437611629885
-1.4972922238152255
-1.4971362456331034
-1.4969758203263626
-1.4968109416099113
-1.4966416032040168
-1.4964677988344925
-1.496289522232891
-1.496106767136698
-1.495919487564386
-1.495727658593277
-1.4955313300156527
-1.495330495590764
-1.495125149084848
-1.4949152842713254
-1.4947008949310052
-1.4944819748522828
-1.4942585178313483
-1.4940305176723876
-1.4937979681877906
-1.4935608631983586
-1.4933191965335086
-1.4930729620314889
-1.492822153539584
-1.49256676491433
-1.4923067900217237
-1.4920422227374404
-1.491773056947047
-1.491499286546216
-1.4912209054409467
-1.4909379075477807
-1.4906502867940221
-1.490358037117958
-1.4900611524690797
-1.4897596268083066
-1.4894534541082085
-1.4891426283532305
-1.4888271435399205
-1.488506993677155
-1.4881821727863667
-1.4878526749017744
-1.4875184681246887
-1.4871794241674572
-1.486835682934496
-1.4864872385122219
-1.4861340850010953
-1.4857762165158583
-1.4854136271857703
-1.4850463111548464
-1.484674262582098
-1.4842974756417706
-1.4839159445235872
-1.483529663432991
-1.4831386265913862
-1.4827428282363844
-1.4823422626220495
-1.4819369240191425
-1.4815268067153708
-1.481111905015635
-1.480692213242278
-1.4802677257353372
-1.4798384368527917
-1.4794043409708175
-1.4789653670937266
-1.4785214124536246
-1.478072631569225
-1.4776190188930307
-1.4771605688971272
-1.4766972760734396
-1.4762291349339929
-1.4757561400111707
-1.4752782858579778
-1.4747955670482993
-1.4743079781771635
-1.4738155138610072
-1.4733181687379373
-1.472815937467997
-1.4723088147334316
-1.4717967952389532
-1.47127987371201
-1.470758044903054
-1.4702311313830734
-1.469699200168838
-1.4691623435975327
-1.4686205565174357
-1.4680738338013042
-1.4675221703466481
-1.466965561076005
-1.4664040009372123
-1.465837484903684
-1.4652660079746864
-1.4646895651756138
-1.4641081515582668
-1.463521762201128
-1.4629303922096424
-1.4623340367164959
-1.461732558347681
-1.4611259084985584
-1.460514256286708
-1.4598975969616186
-1.4592759258015546
-1.4586492381138427
-1.4580175292351527
-1.4573807945317818
-1.45673902939994
-1.456092229266034
-1.4554403895869517
-1.454783505850349
-1.4541215735749358
-1.453454588310762
-1.4527822495005318
-1.4521048023713075
-1.4514222867332287
-1.4507346982715317
-1.4500420327043704
-1.4493442857831087
-1.4486414532926077
-1.4479335310515158
-1.4472205149125588
-1.4465024007628293
-1.4457791845240795
-1.4450508621530094
-1.4443172420569432
-1.4435783242968798
-1.442834286199934
-1.4420851238741772
-1.4413308334642327
-1.4405714111515648
-1.439806853154771
-1.4390371557298776
-1.4382623151706269
-1.4374823278087732
-1.4366971900143732
-1.4359068711141205
-1.435111025041135
-1.4343100156756106
-1.4335038395540276
-1.4326924932527785
-1.431875973388462
-1.4310542766181729
-1.4302273996397936
-1.4293953391922896
-1.4285580920559964
-1.427715655052916
-1.4268678715178391
-1.4260146239529796
-1.4251561751396318
-1.4242925220813083
-1.4234236618247884
-1.422549591460411
-1.4216703081223625
-1.420785808988967
-1.419896091282973
-1.4190011522718466
-1.4181008714860868
-1.4171950385503131
-1.416283974389521
-1.4153676764663787
-1.4144461422898582
-1.4135193694155188
-1.4125873554457924
-1.4116500980302678
-1.410707594865976
-1.4097598436976724
-1.4088065309218907
-1.407847812937286
-1.4068838386010907
-1.405914605866773
-1.4049401127370835
-1.4039603572643335
-1.402975337550673
-1.4019850517483683
-1.4009894980600792
-1.3999884293496594
-1.398981852326596
-1.397970000580996
-1.3969528725361995
-1.3959304666674577
-1.394902781502204
-1.393869815620325
-1.392831567654428
-1.3917880362901087
-1.3907388623039452
-1.3896842608168074
-1.3886243706926926
-1.3875591908495137
-1.3864887202596412
-1.3854129579501633
-1.384331903003144
-1.3832455545558846
-1.382153783070059
-1.3810563309540926
-1.3799535815947999
-1.3788455343718575
-1.3777321887215912
-1.3766135441372251
-1.3754896001691301
-1.3743603564250702
-1.3732257767127847
-1.3720854043053021
-1.3709397299394095
-1.3697887534749058
-1.3686324748303311
-1.367470893983206
-1.3663040109702655
-1.365131825887695
-1.363954264365479
-1.3627709345606789
-1.3615823021268587
-1.360388367421424
-1.3591891308625033
-1.3579845929291738
-1.3567747541616797
-1.3555596151616527
-1.3543389372666956
-1.3531126467893575
-1.3518810572023499
-1.3506441693771758
-1.349401984247915
-1.3481545028114328
-1.346901726127584
-1.3456436553194173
-1.3443797673059614
-1.3431105479172374
-1.3418360372648483
-1.340556236749755
-1.3392711478372117
-1.3379807720569503
-1.3366851110033704
-1.3353838165071588
-1.3340770169762588
-1.3327649366022876
-1.331447577264108
-1.3301249409062579
-1.3287970295391223
-1.3274638452391023
-1.326125125151395
-1.324780820350794
-1.32343124865413
-1.3220764124282525
-1.3207163141069374
-1.3193509561910415
-1.3179803412486555
-1.3166042065192547
-1.315222497117463
-1.3138355383662073
-1.3124433331293985
-1.3110458843389878
-1.3096431949950997
-1.3082352681661669
-1.3068217606288428
-1.30540277361919
-1.303978558471747
-1.3025491185554892
-1.301114457308393
-1.2996745782375534
-1.2982294849192932
-1.296778678041346
-1.2953225672124207
-1.2938612531797355
-1.2923947398241888
-1.2909230310964854
-1.2894461310172314
-1.2879639180561244
-1.2864760432269196
-1.2849829895708313
-1.2834847614159592
-1.2819813631607757
-1.2804727992742042
-1.2789590742956856
-1.277439778574714
-1.2759151374625703
-1.2743853495174164
-1.2728504195888302
-1.2713103525972556
-1.269765153534053
-1.268214674679443
-1.2666586161100832
-1.265097441235406
-1.2635311553585726
-1.2619597638538977
-1.2603832721668742
-1.2588016858141993
-1.2572144552193434
-1.2556220842443404
-1.2540246361266318
-1.2524221166958662
-1.2508145318529948
-1.2492018875702806
-1.2475837956512879
-1.2459604374540816
-1.2443320388598025
-1.2426986061539926
-1.2410601456934816
-1.2394166639063697
-1.237767889893063
-1.2361137714438741
-1.2344546522315352
-1.2327905389971108
-1.2311214385527975
-1.2294473577818756
-1.2277681022898124
-1.2260834686559177
-1.2243938767771538
-1.2226993338488015
-1.2209998471369619
-1.2192954239784928
-1.2175859090312913
-1.215871023342997
-1.2141512248024109
-1.2124265210567604
-1.2106969198236386
-1.2089624288909164
-1.207222897888646
-1.2054780412656494
-1.2037283200409652
-1.201973742310533
-1.2002143162400538
-1.1984500500648823
-1.196680767697645
-1.1949062391353646
-1.1931268970574889
-1.1913427500044669
-1.1895538065857554
-1.1877600754796889
-1.1859613275858054
-1.1841574438013676
-1.1823488003940943
-1.1805354063437696
-1.1787172706982822
-1.176894402573473
-1.175066495941916
-1.1732335911797127
-1.1713959834589978
-1.1695536821927448
-1.1677066968609828
-1.1658550370106195
-1.163998299127621
-1.162136724924508
-1.1602705071574104
-1.1583996556653862
-1.156524180353354
-1.1546440911918894
-1.1527588699319191
-1.1508689948423063
-1.1489745382658805
-1.1470755104597319
-1.145171921745468
-1.1432637091057853
-1.1413504457705754
-1.139432655051841
-1.1375103475524444
-1.1355835339385199
-1.1336522249392333
-1.1317162108660042
-1.129775366633667
-1.1278300618925257
-1.1258803076461854
-1.1239261149599196
-1.1219674949604195
-1.1200040828653957
-1.1180360727856469
-1.1160636715862606
-1.1140868906609265
-1.1121057414632691
-1.1101202355065736
-1.1081298475023202
-1.1061351022235077
-1.1041360376583214
-1.102132665579013
-1.1001249978159071
-1.0981129001141108
-1.096096122590406
-1.0940750878997498
-1.0920498081242074
-1.0900202954022356
-1.0879865619283762
-1.0859483010268163
-1.0839056183892075
-1.081858754718028
-1.0798077224504847
-1.077752534078086
-1.0756932021463164
-1.0736292498339957
-1.0715611344149947
-1.0694889163103856
-1.0674126082987125
-1.0653322232106213
-1.0632476452169575
-1.0611586182635517
-1.0590655560415232
-1.056968471606083
-1.0548673780625906
-1.0527622885661914
-1.050652917793877
-1.0485393608882774
-1.0464218509015721
-1.0443004012029737
-1.0421750252094513
-1.0400457363853435
-1.0379120886883013
-1.0357745113685184
-1.0336330651010295
-1.0314877635533126
-1.0293386204381019
-1.0271855342184268
-1.0250282548068441
-1.0228671785179764
-1.0207023192581492
-1.018533690976771
-1.016361307665926
-1.0141849179099465
-1.0120045847735075
-1.0098205422059734
-1.0076328043813723
-1.0054413855141708
-1.0032462998588558
-1.0010471599597597
-0.9988443147049808
-0.9966378491102028
-0.9944277775998798
-0.9922141146361848
-0.9899968111072213
-0.9877755496469021
-0.9855507438487738
-0.9833224083346233
-0.981090557761611
-0.978855206821841
-0.976616188621841
-0.9743734356171287
-0.97212723009935
-0.9698775869077354
-0.9676245209140637
-0.9653680470222262
-0.9631078978403314
-0.9608442213084234
-0.9585771854078479
-0.9563068051769152
-0.9540330956836147
-0.951756072025173
-0.9494753844426764
-0.9471913602836163
-0.9449040711014248
-0.9426135321148617
-0.9403197585694633
-0.9380227440564851
-0.9357221402477083
-0.9334183514863434
-0.9311113931284691
-0.9288012805544619
-0.9264880291685451
-0.9241715736864375
-0.9218516984174491
-0.9195287344368095
-0.9172026972461816
-0.9148736023685811
-0.9125414653479217
-0.9102061812328572
-0.907867628615213
-0.90552608438388
-0.9031815641670511
-0.9008340836113167
-0.8984836583812091
-0.8961301630570863
-0.8937735321340542
-0.8914140074300739
-0.8890516046807829
-0.8866863396372591
-0.8843182280655644
-0.8819471430424095
-0.8795730370119871
-0.8771961356458771
-0.8748164547680986
-0.872434010215164
-0.87004881783562
-0.8676607677111831
-0.8652697931503427
-0.8628761221896957
-0.8604797707226652
-0.8580807546522343
-0.8556790898904956
-0.8532747013586239
-0.8508674674512282
-0.848457636449373
-0.8460452242970486
-0.8436302469448962
-0.8412127203497692
-0.8387926212190064
-0.836369738989827
-0.833944359220951
-0.8315164978882935
-0.8290861709715518
-0.8266533944537653
-0.8242181843208759
-0.8217802942367431
-0.8193399779398018
-0.8168972797782071
-0.8144522157423604
-0.8120048018231802
-0.8095550540116747
-0.80710282234515
-0.8046481819788017
-0.8021912594428877
-0.7997320707204689
-0.797270631792356
-0.7948069586366816
-0.7923410105168516
-0.7898726580275764
-0.7874021229454776
-0.7849294212285927
-0.7824545688299953
-0.779977581697374
-0.7774984757726271
-0.7750170855661878
-0.7725335484253757
-0.7700479439540526
-0.7675602880603345
-0.7650705966443192
-0.7625788855976774
-0.7600851324459275
-0.7575892016964729
-0.7550913025647363
-0.7525914508971157
-0.7500896625294187
-0.7475859532864758
-0.7450803389817506
-0.7425727319661148
-0.7400631434475587
-0.7375517008018002
-0.7350384197841617
-0.7325233161365127
-0.7300064055868909
-0.7274877038491279
-0.7249670915802495
-0.7224446591767308
-0.719920486134385
-0.717394588096541
-0.7148669806903161
-0.7123376795262557
-0.7098067001979722
-0.70727392140298
-0.7047394526612102
-0.7022033558508063
-0.6996656464830477
-0.6971263400503646
-0.6945854520259912
-0.6920429978636269
-0.6894988800168397
-0.6869531750594402
-0.6844059535406783
-0.6818572308206505
-0.6793070222380868
-0.6767553431100313
-0.6742022087315103
-0.6716475667627063
-0.6690914172535372
-0.6665338614897189
-0.6639749146619944
-0.6614145919373619
-0.6588529084587653
-0.656289879344784
-0.6537255144283562
-0.6511597025923237
-0.6485925934775771
-0.6460242020883408
-0.6434545434028506
-0.6408836323730561
-0.6383114839243335
-0.6357381129551989
-0.6331634800514909
-0.6305875879948311
-0.6280105209836424
-0.6254322937914047
-0.6228529211632208
-0.6202724178155535
-0.6176907984359503
-0.6151080776827793
-0.6125242018923018
-0.6099392167425581
-0.6073531769289723
-0.6047660969750188
-0.6021779913735992
-0.5995888745867927
-0.5969987610456094
-0.5944076651497416
-0.5918155464222384
-0.589222437522464
-0.5866283920617198
-0.5840334242957879
-0.581437548447864
-0.5788407787083261
-0.5762431292345132
-0.573644614150499
-0.5710452258231774
-0.5684449435084937
-0.5658438404070354
-0.5632419304907916
-0.5606392276973341
-0.5580357459296146
-0.5554314990557567
-0.5528265009088595
-0.5502207652867962
-0.5476142629015066
-0.5450070299217593
-0.5423991031471218
-0.5397904962152229
-0.5371812227274475
-0.5345712962487589
-0.5319607303075164
-0.529349538395297
-0.5267377339667253
-0.5241252941213954
-0.5215122544438229
-0.5188986447335071
-0.5162844782777214
-0.5136697683258993
-0.5110545280894836
-0.5084387707417612
-0.5058225094177189
-0.5032057572138898
-0.5005885138622875
-0.49797078044752585
-0.4953525973941023
-0.492733977625126
-0.49011493402450323
-0.4874954794368006
-0.4848756266671154
-0.4822553884809471
-0.47963477760406403
-0.4770138067223858
-0.4743924744218547
-0.471770795316086
-0.4691487960272723
-0.4665264890623553
-0.4639038868878197
-0.4612810019295818
-0.45865784657288355
-0.4560344331621885
-0.453410774001082
-0.45078688135216505
-0.4481627652086875
-0.44553842683236644
-0.44291389333331965
-0.44028917679082
-0.43766428924269374
-0.4350392426852321
-0.4324140490731083
-0.42978872031930104
-0.4271632682950146
-0.4245377048296086
-0.42191204171051333
-0.4192862901160731
-0.41666045816123043
-0.41403456328878274
-0.4114086170993734
-0.4087826311513971
-0.40615661696094085
-0.40353058600172903
-0.40090454970506967
-0.3982785194598024
-0.39565250661224566
-0.3930265224661545
-0.39040057828266805
-0.3877746863730888
-0.3851488610049261
-0.382523110538398
-0.3798974460455563
-0.377271878555661
-0.3746464190551507
-0.3720210784876084
-0.36939586775373706
-0.36677079771133264
-0.36414587917525887
-0.3615211229174239
-0.35889653966676405
-0.3562721401092245
-0.3536479396109189
-0.35102395336011827
-0.34840018378584325
-0.34577664138407727
-0.34315333660778174
-0.3405302798668888
-0.3379074815282987
-0.33528495191587726
-0.3326627013104526
-0.3300407399498231
-0.3274190780287567
-0.3247977256989956
-0.3221766930692673
-0.3195559902052878
-0.3169356288079602
-0.3143156364570759
-0.3116960047563272
-0.3090767435822469
-0.3064578627684731
-0.3038393721057633
-0.30122128134202736
-0.29860360018234455
-0.2959863382889881
-0.2933695052814529
-0.29075311073648447
-0.2881371641881094
-0.2855216751276659
-0.28290665300383594
-0.2802921072226815
-0.27767804714768457
-0.27506448209977563
-0.27245144352786915
-0.2698389231800362
-0.2672269262344296
-0.26461546182581547
-0.2620045390466778
-0.25939416694727163
-0.25678435453566795
-0.25417511077780425
-0.25156644459753824
-0.2489583648767018
-0.2463508804551492
-0.2437440001308209
-0.24113773265979893
-0.2385320867563639
-0.23592707109305314
-0.23332269430072766
-0.23071896496863234
-0.22811589164445717
-0.22551348283440803
-0.22291176195474638
-0.2203107366830686
-0.21771040157219432
-0.21511076494785691
-0.2125118350947106
-0.20991362025640684
-0.20731612863566845
-0.20471936839436336
-0.20212334765358447
-0.19952807449372453
-0.19693355695455614
-0.1943398030353134
-0.1917468206947736
-0.18915461785133347
-0.18656320238310212
-0.18397258212797907
-0.18138276488374278
-0.17879375840813433
-0.17620557041895027
-0.17361820859412494
-0.17103168057182394
-0.1684459939505387
-0.16586115628916814
-0.16327717510712217
-0.1606940578844053
-0.15811181687932727
-0.15553047671270542
-0.15295002273862682
-0.15037046226703105
-0.14779180256901533
-0.14521405087693212
-0.14263721438448768
-0.1400613002468453
-0.13748631558072558
-0.13491226746451201
-0.13233916293834985
-0.12976700900425397
-0.12719581262621468
-0.12462558073030217
-0.12205632020477396
-0.11948803790018114
-0.1169207406294776
-0.1143544351681289
-0.11178912825422313
-0.10922482658857943
-0.10666153683486176
-0.10409926561968444
-0.10153801953273278
-0.09897780512687254
-0.09641862891826374
-0.0938604973864736
-0.09130341697459482
-0.08874739408935992
-0.08619243510125497
-0.08363854634464166
-0.08108573411787004
-0.0785340046834002
-0.07598336426791537
-0.0734338190624502
-0.07088537522250327
-0.06833803886815619
-0.06579181608420227
-0.0632467129202602
-0.06070273539090036
-0.058159889475763046
-0.05561818111968586
-0.05307761623282422
-0.050538200690776525
-0.04799994033470141
-0.045462840971455545
-0.042926908373709424
-0.040392148280071385
-0.0378585663952196
-0.035326168390026426
-0.032794959901679334
-0.030264946533817644
-0.027736133856650837
-0.025208527407092958
-0.02268213268888896
-0.02015695517273524
-0.017633000296421855
-0.015110273464953729
-0.01258878005067853
-0.010068525393423951
-0.00754951480061802
-0.00503175354742528
-0.0025152468768766065
-3.6739403974420594e-16
0.0
