-215.94215462394004
-215.9168307914273
-215.88940725343377
-215.85985195202102
-215.82813221630673
-215.79421474988237
-215.7580656179689
-215.71965023430562
-215.6788283123543
-215.6355441113513
-215.58987085887702
-215.54177081425166
-215.49120550534934
-215.4381357135341
-215.38252145828216
-215.32424134673084
-215.263077717607
-215.19922670604888
-215.13264462857026
-215.0632869458602
-214.99110824511928
-214.91570570982276
-214.8372963180347
-214.75590264970864
-214.6714750337252
-214.58376646901178
-214.4925843127403
-214.39818899317635
-214.30052614202557
-214.1992023942454
-214.09420674698714
-213.98574670164624
-213.8736408373897
-213.7573617294533
-213.6374062652319
-213.51360354910614
-213.38530300361506
-213.25309779977826
-213.11659828958852
-212.97547878502604
-212.83020862135265
-212.67991916984087
-212.52511854638146
-212.36542385596533
-212.20062765250185
-212.0309327935351
-211.85564804415387
-211.67531661923022
-211.48902075626893
-211.29737202106224
-211.0995110145716
-210.89581681661375
-210.68580320478395
-210.46928473178366
-210.24649553795288
-210.01631986754262
-209.77945836839564
-209.5353708429318
-209.28344357440432
-209.02402209006812
-208.75680076802337
-208.48074262736964
-208.19628151632813
-207.9030736969545
-207.60075968980806
-207.28878163976975
-206.96669685592337
-206.63439423725453
-206.29144952949628
-205.93741931924262
-205.57184023156387
-205.1942281045996
-204.80407714186902
-204.40085904328146
-203.98402211610306
-203.55299036744302
-203.10715225307553
-202.645217389224
-202.16705979149378
-201.67198782781077
-201.15900406402676
-200.6266072464528
-200.07485502393985
-199.50164685145785
-198.90678889053822
-198.28806442147587
-197.64518792651316
-196.97582515057343
-196.27865401149143
-195.55223707612856
-194.79459372597546
-194.0036236919072
-193.17710454027258
-192.31269011079956
-191.407910139344
-190.45977243488778
-189.4645725840175
-188.42006859531364
-187.32121997087944
-186.16463882103636
-184.94586742659195
-183.65992003828336
-182.30167298084103
-180.86563900819198
-179.34500381516426
-177.7346901488318
-176.02803813613974
-174.21861786310825
-172.3008823200886
-170.27034928097987
-168.12248476113132
-165.85669076560805
-163.47435202066222
-160.98051499720876
-158.38384488312525
-155.6980699021094
-152.94036946543338
-150.13070848026072
-147.2909353658717
-144.44262813191733
-141.60598054409675
-138.79854624589575
-136.03473034567605
-133.32541360579623
-130.67817610719163
-128.09836634721927
-125.58844921185636
-123.14916904949723
-120.78010541449586
-118.48046964955937
-116.24719695073699
-114.07854006429895
-111.97182247143718
-109.92389055013132
-107.93226718578899
-105.99427863844147
-104.10643479615334
-102.2672788146792
-100.47317967978148
-98.72283547000164
-97.01369935897159
-95.3435109696714
-93.71040638802938
-92.11256187450267
-90.54820102354901
-89.0159773658099
-87.51464820510549
-86.04204865394256
-84.59720896125347
-83.17932447057349
-81.78639841034936
-80.41827211648331
-79.07330495404274
-77.75031976603776
-76.44960780058987
-75.16921049423739
-73.90845758500566
-72.66669779637328
-71.44364709583552
-70.23839244124032
-69.05015348144539
-67.8783592056455
-66.7224563081835
-65.58190886372267
-64.45619798293302
-63.344821452291505
-62.24729336119881
-61.16360842679511
-60.09299876395792
-59.03495986698186
-57.98906247177973
-56.95489182065103
-55.932691475720915
-54.92181411904326
-53.92156738250485
-52.931830150619305
-51.95300419426623
-50.983806972312046
-50.0244028511152
-49.07490547699949
-48.13412239384617
-47.20307580953451
-46.280412539214836
-45.3665988993813
-44.461109615104924
-43.5638391510857
-42.67462674035229
-41.79324075126356
-40.91945454959995
-40.05332407299528
-39.19415766713658
-38.34268218652245
-37.497600857738
-36.6599774827387
-35.82874900640013
-35.00393841394039
-34.18602523818352
-33.37397370897703
-32.56824531349952
-31.76878972544672
-30.97490967028464
-30.186943055385477
-29.404983741994315
-28.62833038973707
-27.856908719734015
-27.091530092858143
-26.331215689173305
-25.575883098660476
-24.825548341853853
-24.080738659857126
-23.340675316883594
-22.605293100443568
-21.87452781167537
-21.14868878413845
-20.42758701668969
-19.71088739487558
-18.99853021123104
-18.29045668353251
-17.586626908154628
-16.88743682897672
-16.192334439367585
-15.5012650490618
-14.814174812052729
-14.131010713172856
-13.451720554878893
-12.776252944239399
-12.104726787193172
-11.437063087540126
-10.773051617940776
-10.112644533472531
-9.455794723229083
-8.802455798623724
-8.152582081873767
-7.506128594669228
-6.863051047019118
-6.223305826275441
-5.5868499863318535
-4.953641236992825
-4.323637933515152
-3.6967990663145285
-3.073084250837943
-2.4524537175995165
-1.8348683023758063
-1.2202894365587202
-0.6086791376654213
-5.292770385064968e-14
0.0
0.6057848145314394
1.2087115854593637
1.8088160426409825
2.4061333750066503
3.0006982391639396
3.592544767861653
4.1817065783159375
4.768216780400634
5.352107984703976
5.9334123104537255
6.512161393312802
7.088386393047478
7.662118001070119
8.2333864478585
8.80222151025366
9.368652518638223
9.932708363997143
10.49441750486275
11.053807974145965
11.610907385855572
12.165742941707336
12.718225201610064
13.26836500824058
13.816312401630546
14.362093205377889
14.9057328582088
15.447256420036869
15.986688577922804
16.524053651936445
17.059375600922632
17.592678028172585
18.123674240909587
18.65267965752074
19.179728418028667
19.704842929903208
20.228045268661575
20.74935718306742
21.26880010024471
21.786239193951292
22.301631305354896
22.815212085761388
23.327001875596736
23.837020714975534
24.345288348389253
24.851824229318094
25.356279154239125
25.858991830881664
26.360025679097458
26.859399164477068
27.35713048087794
27.8532315973723
28.34728669615199
28.839749529591572
29.33063736582899
29.819967219268364
30.30775585452178
30.793738890072277
31.27802108087607
31.76080849971389
32.24211705649745
32.72196242788672
33.200099877156056
33.67656960443312
34.151619960170564
34.62526581988952
35.09752184130737
35.56802605287376
36.03703062531337
36.50468669733298
36.97100817563256
37.435922094968845
37.8990842645956
38.36095136027391
38.82153657409654
39.28085290528485
39.73848657732123
40.19475699194964
40.64979582076283
41.10361539297631
41.555915021499075
42.0067729122396
42.456447208690896
42.90494960249791
43.35202002725134
43.79764177338477
44.242125718246974
44.685482946768786
45.127426154419936
45.56798070077972
46.00744114134847
46.44581798370137
46.882733197091234
47.31838238151494
47.752979154276986
48.1865334735342
48.61851723762784
49.04941610321633
49.47930234156632
49.90805082404333
50.33533165266807
50.76162874560412
51.18695117334878
51.610923387409485
52.03370807343333
52.455545727072895
52.876383800285765
53.29573068448374
53.71415730256744
54.13167190848155
54.54788204892625
54.962969324720916
55.37717018962144
55.79034288258829
56.20216052297335
56.61311655021171
57.023218467192045
57.4319050603835
57.839683248537696
58.24663104577591
58.65237265883835
59.05703815629623
59.460896236910514
59.863728720528385
60.26534487841079
60.66617587094191
61.06613444580819
61.46476286928623
61.862627678308996
62.25973514266266
62.65544754561704
63.050405400821305
63.444626525287845
63.83755039585856
64.22965889965008
64.62105063661889
65.01121908646809
65.40053426013688
65.7891520006096
66.1765975650182
66.56317389352088
66.94907151128659
67.33382616028167
67.71771663568279
68.10094653017217
68.48304167938409
68.86429784299955
69.24491098086058
69.62437750211663
70.00304948540114
70.3810954408378
70.75796367249903
71.13410023671806
71.50962723063127
71.88392698767905
72.2575755624043
72.63060210190503
73.0023910842524
73.37359780471841
73.74409963220585
74.11347652208396
74.48228626544248
74.8502919299902
75.21730086570842
75.58375728621562
75.94929484693758
76.31397876338632
76.67812432655685
77.04122136164206
77.40362202388789
77.76549803964882
78.12618165517834
78.48633969107613
78.84582661643282
79.2042831845032
79.56223811635664
79.91935141484133
80.27563075376032
80.63142102906075
80.98618666367506
81.34032658355244
81.69392798364314
82.04643309568041
82.39847037824428
82.74976223102396
83.1001889642474
83.4501593913559
83.79916656735286
84.14755010777519
84.4954241391938
84.84223543535174
85.18861001221826
85.53423588092032
85.8790609596219
86.22345987186814
86.56686140351988
86.90973300647406
87.25203117730948
87.59338926344117
87.9343392420763
88.27444805670734
88.61390584894517
88.95292856948416
89.29090747299357
89.62849543574008
89.96536289252236
90.30149247193168
90.63724024105963
90.97197468002928
91.30628407057
91.63996022440037
91.97284376505355
92.30536130899345
92.63693710663937
92.96804803218348
93.2985816665796
93.6282980541796
93.9576634670778
94.28612857701873
94.61411793999888
94.94155659880721
95.26818156035863
95.59446981285735
95.91987096953966
96.24481259370302
96.56920261165948
96.89280883962233
97.21609190147608
97.53847464999097
97.86043940113377
98.18182593331552
98.50248320448722
98.82283016197755
99.14223888679464
99.46129478837709
99.77972183858313
100.0974971279409
100.41494726774863
100.73145224897274
101.04766459283923
101.36317504093518
101.6781326306604
101.99268021646492
102.30639298759793
102.61982444001671
102.93246006827765
103.244661652172
103.55634810607043
103.8673294014254
104.17804010465035
104.48784162313453
104.79734640662707
105.10621208674763
105.41452018736891
105.72245439763341
106.02957492790077
106.3364397238357
106.64252394846702
106.948214776451
107.25338041028749
107.55790605578191
107.86215731728873
108.16552644698817
108.46865365582534
108.77108868105472
109.07307224800866
109.37460533645279
109.67545361633452
109.97606867744051
110.27581007489846
110.57530221788456
110.87415378986705
111.17253106828977
111.47049678104796
111.76776713866117
112.06481644219724
112.36102219547197
112.65697627943747
112.95230786316986
113.24717438379267
113.54163562566109
113.83542213413524
114.12899886623822
114.42173077146714
114.71423855728335
115.0061114003428
115.29755751649722
115.58857499027167
115.87896661285717
116.16913237709987
116.45847658281762
116.74762483863884
117.03609803165435
117.32420916863862
117.61184143478877
117.89892227040028
118.18571713909267
118.47177439558732
118.75764513567758
119.0427756696584
119.3276325598869
119.61193609311756
119.89578560785546
120.17926554274501
120.46211406510035
120.74477377280985
121.02662759562668
121.30830650029277
121.58933574310655
121.87002898847317
122.15024793203997
122.4299615764851
122.70937346889798
122.9881134841959
123.26668640212836
123.54449381549651
123.82210163397458
124.0991115593951
124.37576002564667
124.65197559109401
124.92767036918977
125.20309467304992
125.47784134477541
125.75243056338786
126.02628152173105
126.29993054347077
126.5729993595535
126.84571355336433
127.11800320890602
127.38978786463676
127.66130131259945
127.93216164181067
128.202873165862
128.47284294331547
128.74263746463126
129.0118397224242
129.28072225054603
129.5491598281751
129.81713529730374
130.08481100627796
130.35188427601798
130.61880090000574
130.8849767560976
131.15101351173445
131.41642020611067
131.6815661998519
131.94622199463416
132.21048182217484
132.47438939108918
132.73776757693122
133.0009295665614
133.2634305646873
133.52579912623494
133.7874777891429
134.04897529607092
134.30991615791203
134.57054688319354
134.83075248328993
135.09052063183296
135.34999348300659
135.60890319227178
135.86764578096617
136.12570112157397
136.3836314661512
136.64092088429953
136.8980023952933
137.15456885320677
137.4108054301588
137.66665130994065
137.92204678775775
138.17717444570854
138.4317325952163
138.686144361943
138.93986889042912
139.19347474884373
139.44646162269837
139.69923883201642
139.9515166533601
140.20346875868907
140.45503975639835
140.70617024127674
140.95703661904656
141.207348905937
141.45751284237656
141.7070102931482
141.9563943685433
142.2051598582764
142.45373353748144
142.7018029721295
142.9495694627491
143.1969449214997
143.44390737228818
143.69059090969338
143.93675241098947
144.18274605705
144.428109641201
144.67336418764984
144.91798404322452
145.16244460806837
145.40638051580063
145.65004998409785
145.89330387658174
146.13618507692576
146.3787588625937
146.62085456749116
146.8627501306858
147.1040630569249
147.34527039171337
147.58581506697857
147.82624307847007
148.06611504044216
148.30576630420654
148.5449673415501
148.78384437875584
149.02237625637633
149.2604815341135
149.4983459932177
149.7356819248122
149.97288068296638
150.2094496282846
150.44591623054393
150.68178864521536
150.9174911747497
151.15270289988194
151.38764358134182
151.6221962404843
151.856377246139
152.09027243946363
152.3236958894619
152.55693519380975
152.7896031564319
153.0221704534411
153.25410261725807
153.48591690169633
153.7171977675145
153.94826097663812
154.17889202840536
154.40920604848125
154.6391887470199
154.8687554135338
155.09809119657615
155.32691229443222
155.55560257665405
155.78367984036527
156.01165769474935
156.23906112728707
156.4662971204083
156.69305915811935
156.91955489731257
157.14567686294276
157.3714339057999
157.5969170991773
157.82193695369534
158.04678265175207
158.27106677647163
158.49525159067184
158.7188260373989
158.94227668266453
159.16521732768405
159.38793513775542
159.6102431665983
159.83222942621197
160.05390600159484
160.275161946579
160.4962082084147
160.7167350257763
160.9371520911826
161.15695091918465
161.37664987796921
161.59581181072153
161.81478386194192
162.0333198129053
162.25156597174896
162.46947696690887
162.68699820004082
162.90428524260196
163.12108246819912
163.33774653858254
163.5538206263589
163.7697934772897
163.9852144534197
164.20046484859077
164.41526565704564
164.62979434365616
164.8439758736539
165.0577835504617
165.2713466683927
165.48443398569492
165.6973795351073
165.90974709471217
166.12201139991924
166.33372425148406
166.54526908206998
166.75636675852996
166.96719259349297
167.17767584684015
167.38778311650668
167.5976526757877
167.80704176173845
168.01629833302758
168.22496956801447
168.43353488074482
168.64156750223805
168.8494148456633
169.05683645925617
169.26396604214432
169.4707772617144
169.67718924361117
169.8833906598996
170.08908515099816
170.29467090336558
170.49965439257184
170.70452220480988
170.90889752373977
171.11304738040843
171.31681502684717
171.52024686258056
171.72340731096108
171.92612101028905
172.12867471164256
172.33067010880174
172.53255290291452
172.7338943694408
172.93505799766362
173.13579392931922
173.33623809739314
173.53636885106442
173.73609321363773
173.93561912252932
174.13462328291794
174.33351104252296
174.5318281664276
174.72999451369532
174.92770764970777
175.12515205635694
175.32226144230742
175.51898332772905
175.71548917743098
175.91148790839586
176.10736597972073
176.3026653019276
176.4978186519403
176.69251493448874
176.88694279455845
177.0810361544337
177.2747377021089
177.46822823188714
177.66120259054856
177.8540515475649
178.046336596812
178.23845642879445
178.4301387783526
178.62152846873752
178.81260811266839
179.00326658930845
179.19374349681323
179.3836696315717
179.57346511290115
179.76273635522602
179.95179717472075
180.14046543807308
180.32879032233228
180.51685547547117
180.70444309346198
180.8918955049772
181.07875394236336
181.26546645845946
181.4517212392265
181.63769237882872
181.823343269571
182.00857149214096
182.1936182336233
182.37810193864044
182.56244421077446
182.7462817721059
182.92987648101428
183.11310895918112
183.29595434747347
183.47858137868772
183.66067562690807
183.84262310699143
184.02403804696067
184.2052310030744
184.38603924542483
184.56647569520578
184.74667676949073
184.9263546662156
185.10588008830524
185.2848653069144
185.46362843875875
185.6420049152877
185.82000354061495
185.9977706956716
186.17500253133304
186.35207578985944
186.52862245317488
186.7049248149869
186.8808602523262
187.05638925744807
187.23171277799833
187.40646589682612
187.58105391273844
187.75515141404333
187.9289590485992
188.10244239040483
188.275466929221
188.44832138356065
188.62057396268904
188.79264053682277
188.9642764546618
189.13555224313438
189.30657060733427
189.4770526296911
189.64735725669135
189.8171377182779
189.986643371186
190.1558034241694
190.32450692224106
190.49302746841747
190.66094363903431
190.8286565049878
190.99594914100174
191.16285093842492
191.32951893664807
191.4956061960364
191.66150230289787
191.8269175919644
191.99199317077952
192.15678032592638
192.3210316890071
192.4850856858576
192.64861285641243
192.8118362977414
192.9747315537058
193.13712052527754
193.29930562075742
193.4609330413847
193.6222769624212
193.7832683969497
193.94376699389593
194.10405489074247
194.26377005097078
194.42320553810146
194.58228034326976
194.74085902623926
194.8992198518299
195.05700934195693
195.21450587981874
195.37165034152406
195.52827794247617
195.68468017517677
195.8405296650844
195.99605506135194
196.15125453778347
196.3058981831879
196.4603085742898
196.61420279121276
196.76772309689608
196.9209619959458
197.073587025412
197.22597051643083
197.3778932216377
197.52937264665798
197.6806054278362
197.83120428232877
197.98152391742286
198.13145788176664
198.28085870556248
198.43000392106535
198.5786019857622
198.72681881901295
198.87474579730767
199.0220282742087
199.16904571309937
199.315624050618
199.46169704789932
199.60749920221087
199.75272001116406
199.89756730885318
200.04210592032535
200.1859918554724
200.32959671927466
200.4727638656256
200.61539639621657
200.7577415589946
200.89952753726257
201.0408890387863
201.18195668133666
201.3223514518379
201.4624237362541
201.60211903102794
201.74118864731412
201.8799529426801
202.0182413248172
202.1559906353698
202.29342756469663
202.4302981244053
202.5667073519989
202.70279691130918
202.8382383789094
202.97328710629293
203.10800864184944
203.24200938069197
203.37567652733802
203.5089524213912
203.64155671118232
203.77382050915855
203.90563751539148
204.03682418470564
204.16766215363552
204.29800768556595
204.42775379024647
204.55714271132467
204.68600378897708
204.81428563107002
204.9422015200974
205.06956476189936
205.1963578621227
205.32277594152157
205.4486275559555
205.57390662512825
205.69880129490065
205.82312707190144
205.94686598129312
206.0702107888812
206.19299609097388
206.3151678415333
206.4369354505385
206.55816520370726
206.67874189412674
206.7989040518449
206.9185627361257
207.037515529696
207.15604303342175
207.27411467321068
207.3914137634195
207.5082764254724
207.62469905693217
207.7403591543657
207.85552576578849
207.97024066760963
208.08427172184102
208.19771001471744
208.31068449859288
208.4230688586369
208.53474546697583
208.6459457292019
208.75666524105748
208.86654566018603
208.97593674037347
209.08483420772734
209.19302128001158
209.3005670182194
209.40760549915956
209.51408006175765
209.6197430539882
209.7248846421814
209.82950012857748
209.9333682402913
210.036573718567
210.13923822722953
210.24134276344813
210.34257155500183
210.44324395550734
210.5433547913778
210.64277360951894
210.74141133851668
210.83947128390798
210.93694797479577
211.0336308613586
211.12959525641463
211.22495933197104
211.3197172989827
211.41361196274042
211.5068165503321
211.59939706699126
211.691347383393
211.7823993796469
211.8727532375749
211.96245798104093
212.05150711693273
212.13965976825835
212.2270672645937
212.3137992296588
212.3998487815805
212.48504309489567
212.5694036115152
212.65306072067597
212.73600712521045
212.81818170498656
212.8993893447381
212.97986415013065
213.05959838050688
213.1385841731635
213.21663261441103
213.2938119820236
213.37021922665843
213.44584600300374
213.52068383179466
213.5944863684591
213.66744569030635
213.73959069857952
213.81091238902124
213.88140161048477
213.95083198199407
214.01936587076017
214.08704010839728
214.1538449728311
214.21977058103963
214.28469569258004
214.34858405123958
214.41156400902443
214.47362506218911
214.53475653075907
214.59494755489996
214.65404292872665
214.71208891540726
214.76916269734392
214.82525272699985
214.88034726003892
214.93443435128864
214.98746585078658
215.03929109674044
215.0900742603283
215.13980263459848
215.18846329297781
215.23604308478292
215.2825286306398
215.32790631781097
215.372024527245
215.41496445022685
215.45675746004764
215.49738906738924
215.53684452789494
215.57510883697088
215.6121667244813
215.64800264933655
215.68260079396998
215.7158710905627
215.7478061775206
215.77845864899416
215.80781165914888
215.8358480601431
215.86255039598075
215.88790089623882
215.91188146966573
215.9344736976488
215.95565882754767
215.9754177658906
215.99373107143134
216.01057894806277
216.02594123758513
216.039797412325
216.05212656760233
216.06288454043136
216.07205261635465
216.07963562726417
216.08561128767514
216.08995690047252
216.09264934852024
216.09366508609796
216.0929801301601
216.0905700514146
216.08640996521666
216.08047452227467
216.07273789916266
216.06317378863696
216.05172487172325
216.03835885830802
216.0230732882164
216.00583953092655
215.98662841326654
215.9654102082934
215.94215462394004
215.9168307914273
215.88940725343377
215.85985195202102
215.82813221630673
215.79421474988237
215.7580656179689
215.71965023430562
215.6788283123543
215.63554411135124
215.58987085887708
215.54177081425166
215.49120550534934
215.4381357135341
215.38252145828216
215.32424134673084
215.26307771760702
215.19922670604888
215.13264462857026
215.06328694586023
214.99110824511925
214.91570570982276
214.8372963180347
214.75590264970864
214.6714750337252
214.58376646901172
214.49258431274035
214.39818899317638
214.3005261420256
214.1992023942454
214.09420674698714
213.98574670164624
213.8736408373897
213.7573617294533
213.6374062652319
213.51360354910614
213.38530300361506
213.25309779977826
213.11659828958852
212.97547878502604
212.83020862135265
212.67991916984084
212.52511854638146
212.3654238559654
212.20062765250185
212.0309327935351
211.85564804415387
211.67531661923022
211.48902075626893
211.29737202106224
211.0995110145716
210.89581681661372
210.68580320478395
210.46928473178363
210.24649553795285
210.01631986754265
209.7794583683957
209.53537084293174
209.28344357440432
209.024022090068
208.75680076802348
208.48074262736966
208.19628151632816
207.90307369695446
207.60075968980806
207.28878163976967
206.96669685592337
206.63439423725458
206.29144952949628
205.9374193192426
205.57184023156384
205.19422810459952
204.80407714186904
204.4008590432815
203.98402211610312
203.552990367443
203.10715225307547
202.64521738922411
202.1670597914939
201.6719878278107
201.15900406402682
200.6266072464527
200.0748550239398
199.5016468514579
198.90678889053828
198.28806442147587
197.64518792651316
196.97582515057337
196.2786540114913
195.5522370761287
194.79459372597555
194.00362369190728
193.17710454027247
192.31269011079962
191.4079101393442
190.4597724348879
189.4645725840176
188.4200685953135
187.3212199708794
186.16463882103628
184.94586742659226
183.65992003828353
182.30167298084103
180.8656390081918
179.34500381516426
177.73469014883187
176.02803813614003
174.21861786310853
172.30088232008848
170.27034928097987
168.1224847611314
165.85669076560842
163.47435202066248
160.98051499720876
158.38384488312505
155.6980699021094
152.94036946543255
150.13070848026092
147.29093536587257
144.4426281319171
141.6059805440963
138.79854624589584
136.03473034567656
133.32541360579646
130.67817610719175
128.09836634721898
125.58844921185604
123.14916904949689
120.78010541449655
118.4804696495598
116.24719695073671
114.07854006429893
111.9718224714369
109.92389055013078
107.9322671857893
105.99427863844178
104.10643479615337
102.26727881467917
100.47317967978125
98.72283547000168
97.01369935897179
95.34351096967151
93.71040638802961
92.11256187450273
90.54820102354878
89.0159773658102
87.51464820510556
86.0420486539426
84.5972089612534
83.17932447057328
81.78639841034898
80.41827211648356
79.07330495404281
77.75031976603773
76.44960780058982
75.16921049423743
73.90845758500583
72.66669779637354
71.44364709583553
70.23839244124017
69.05015348144545
67.87835920564535
66.72245630818372
65.58190886372272
64.45619798293296
63.34482145229155
62.24729336119886
61.16360842679503
60.09299876395803
59.03495986698198
57.98906247177966
56.954891820650936
55.932691475720965
54.92181411904329
53.92156738250513
52.931830150619376
51.95300419426623
50.98380697231201
50.0244028511151
49.074905476999675
48.13412239384614
47.20307580953442
46.28041253921476
45.36659889938127
44.46110961510504
43.56383915108578
42.6746267403524
41.79324075126347
40.919454549599905
40.053324072995196
39.194157667136665
38.342682186522495
37.497600857737964
36.659977482738626
35.82874900640016
35.00393841394012
34.18602523818369
33.37397370897724
32.56824531349955
31.768789725446688
30.974909670284536
30.186943055385704
29.40498374199433
28.628330389737215
27.85690871973399
27.091530092858104
26.331215689173256
25.575883098660636
24.82554834185406
24.0807386598571
23.340675316883495
22.605293100443568
21.87452781167524
21.14868878413852
20.42758701668967
19.71088739487555
18.998530211231035
18.290456683532483
17.586626908154713
16.8874368289768
16.192334439367688
15.501265049061772
14.814174812052652
14.131010713172726
13.451720554878893
12.776252944239463
12.104726787193227
11.437063087540027
10.773051617940826
10.112644533472402
9.455794723229161
8.802455798623793
8.152582081873739
7.506128594669139
6.863051047019061
6.223305826275513
5.586849986331844
4.953641236992963
4.323637933515224
3.696799066314421
3.0730842508378142
2.452453717599492
1.8348683023758738
1.2202894365586938
0.6086791376652984
2.646385192532484e-14
-0.6057848145314841
-1.2087115854593815
-1.8088160426409097
-2.4061333750066973
-3.0006982391639077
-3.592544767861627
-4.181706578315935
-4.768216780400612
-5.35210798470406
-5.933412310453738
-6.512161393312802
-7.088386393047553
-7.66211800107015
-8.233386447858468
-8.802221510253688
-9.368652518638246
-9.932708363997149
-10.494417504862795
-11.053807974145958
-11.610907385855578
-12.165742941707329
-12.71822520161002
-13.26836500824057
-13.816312401630599
-14.362093205377896
-14.905732858208857
-15.44725642003688
-15.986688577922784
-16.524053651936487
-17.059375600922603
-17.59267802817257
-18.123674240909633
-18.65267965752073
-19.17972841802863
-19.70484292990325
-20.228045268661603
-20.749357183067396
-21.268800100244736
-21.786239193951257
-22.30163130535492
-22.815212085761406
-23.327001875596725
-23.83702071497556
-24.345288348389275
-24.851824229318048
-25.356279154239132
-25.85899183088166
-26.36002567909746
-26.85939916447713
-27.35713048087794
-27.853231597372258
-28.34728669615199
-28.839749529591565
-29.330637365828977
-29.81996721926838
-30.307755854521748
-30.793738890072348
-31.27802108087609
-31.760808499713846
-32.242117056497456
-32.721962427886716
-33.200099877156056
-33.67656960443318
-34.15161996017058
-34.625265819889506
-35.09752184130742
-35.56802605287375
-36.03703062531336
-36.50468669733303
-36.97100817563257
-37.43592209496883
-37.89908426459562
-38.36095136027391
-38.82153657409659
-39.280852905284895
-39.73848657732121
-40.19475699194966
-40.64979582076284
-41.1036153929763
-41.555915021499125
-42.006772912239605
-42.45644720869088
-42.90494960249794
-43.352020027251356
-43.79764177338473
-44.242125718246974
-44.68548294676875
-45.127426154419986
-45.567980700779756
-46.007441141348465
-46.4458179837014
-46.88273319709126
-47.31838238151492
-47.75297915427701
-48.186533473534226
-48.618517237627856
-49.04941610321637
-49.47930234156632
-49.90805082404331
-50.335331652668074
-50.76162874560411
-51.18695117334874
-51.610923387409485
-52.03370807343331
-52.45554572707293
-52.876383800285765
-53.29573068448374
-53.71415730256747
-54.13167190848152
-54.54788204892624
-54.96296932472096
-55.37717018962145
-55.79034288258829
-56.20216052297337
-56.6131165502117
-57.023218467192024
-57.43190506038353
-57.83968324853771
-58.246631045775985
-58.6523726588384
-59.05703815629622
-59.46089623691052
-59.863728720528385
-60.26534487841079
-60.66617587094194
-61.06613444580815
-61.464762869286226
-61.862627678309025
-62.259735142662635
-62.65544754561702
-63.050405400821326
-63.44462652528786
-63.83755039585856
-64.22965889965013
-64.62105063661892
-65.01121908646815
-65.4005342601369
-65.78915200060959
-66.1765975650182
-66.56317389352085
-66.94907151128655
-67.33382616028172
-67.71771663568282
-68.10094653017214
-68.48304167938412
-68.86429784299955
-69.24491098086057
-69.62437750211663
-70.0030494854011
-70.38109544083778
-70.75796367249903
-71.13410023671804
-71.5096272306313
-71.88392698767905
-72.25757556240428
-72.63060210190505
-73.00239108425241
-73.37359780471841
-73.74409963220585
-74.11347652208396
-74.48228626544248
-74.85029192999022
-75.21730086570841
-75.58375728621559
-75.94929484693758
-76.31397876338632
-76.67812432655691
-77.0412213616421
-77.40362202388789
-77.76549803964885
-78.12618165517831
-78.48633969107607
-78.84582661643282
-79.20428318450318
-79.56223811635662
-79.91935141484137
-80.27563075376034
-80.63142102906073
-80.98618666367506
-81.34032658355244
-81.69392798364312
-82.04643309568043
-82.39847037824428
-82.749762231024
-83.10018896424741
-83.45015939135588
-83.79916656735286
-84.14755010777517
-84.49542413919377
-84.84223543535174
-85.18861001221826
-85.5342358809203
-85.87906095962191
-86.22345987186814
-86.56686140351985
-86.90973300647406
-87.25203117730948
-87.59338926344117
-87.9343392420763
-88.27444805670734
-88.61390584894522
-88.95292856948419
-89.29090747299357
-89.62849543574009
-89.96536289252236
-90.30149247193167
-90.63724024105963
-90.97197468002928
-91.30628407056999
-91.63996022440037
-91.97284376505355
-92.30536130899345
-92.63693710663941
-92.96804803218348
-93.29858166657961
-93.6282980541796
-93.95766346707777
-94.28612857701874
-94.61411793999888
-94.94155659880721
-95.26818156035866
-95.59446981285734
-95.91987096953963
-96.24481259370305
-96.56920261165953
-96.89280883962235
-97.21609190147612
-97.53847464999097
-97.86043940113379
-98.18182593331557
-98.50248320448722
-98.8228301619776
-99.14223888679464
-99.46129478837705
-99.77972183858313
-100.09749712794087
-100.41494726774863
-100.73145224897277
-101.04766459283923
-101.36317504093518
-101.67813263066043
-101.99268021646492
-102.30639298759793
-102.61982444001671
-102.93246006827763
-103.24466165217201
-103.55634810607042
-103.86732940142537
-104.17804010465035
-104.48784162313453
-104.7973464066271
-105.10621208674766
-105.41452018736891
-105.72245439763341
-106.0295749279008
-106.33643972383567
-106.64252394846697
-106.948214776451
-107.25338041028748
-107.55790605578187
-107.86215731728873
-108.16552644698814
-108.46865365582534
-108.77108868105475
-109.07307224800866
-109.37460533645283
-109.67545361633452
-109.97606867744048
-110.27581007489846
-110.57530221788456
-110.874153789867
-111.17253106828977
-111.47049678104791
-111.76776713866113
-112.06481644219724
-112.36102219547197
-112.65697627943749
-112.95230786316986
-113.24717438379261
-113.54163562566109
-113.83542213413524
-114.12899886623819
-114.42173077146714
-114.71423855728332
-115.00611140034277
-115.29755751649722
-115.58857499027167
-115.87896661285717
-116.16913237709988
-116.45847658281762
-116.74762483863884
-117.03609803165435
-117.32420916863865
-117.61184143478883
-117.89892227040033
-118.18571713909263
-118.47177439558732
-118.75764513567756
-119.04277566965838
-119.32763255988692
-119.6119360931176
-119.89578560785546
-120.17926554274501
-120.46211406510035
-120.74477377280985
-121.02662759562665
-121.30830650029284
-121.5893357431066
-121.87002898847322
-122.15024793203996
-122.42996157648503
-122.70937346889794
-122.98811348419594
-123.26668640212839
-123.54449381549648
-123.82210163397457
-124.09911155939508
-124.37576002564676
-124.6519755910941
-124.92767036918981
-125.20309467304986
-125.47784134477538
-125.75243056338786
-126.02628152173111
-126.29993054347077
-126.5729993595535
-126.84571355336433
-127.11800320890595
-127.38978786463673
-127.66130131259948
-127.93216164181072
-128.202873165862
-128.47284294331547
-128.74263746463117
-129.0118397224242
-129.280722250546
-129.54915982817505
-129.8171352973037
-130.08481100627793
-130.35188427601796
-130.61880090000582
-130.88497675609767
-131.15101351173448
-131.41642020611067
-131.68156619985183
-131.9462219946341
-132.21048182217487
-132.47438939108918
-132.73776757693122
-133.00092956656147
-133.26343056468727
-133.52579912623494
-133.7874777891429
-134.04897529607095
-134.30991615791206
-134.57054688319357
-134.83075248328993
-135.090520631833
-135.34999348300656
-135.60890319227178
-135.86764578096617
-136.1257011215739
-136.38363146615131
-136.64092088429956
-136.89800239529333
-137.1545688532068
-137.4108054301588
-137.66665130994062
-137.92204678775775
-138.17717444570854
-138.4317325952163
-138.686144361943
-138.93986889042912
-139.1934747488437
-139.44646162269837
-139.69923883201642
-139.95151665336007
-140.20346875868904
-140.4550397563983
-140.70617024127677
-140.95703661904656
-141.20734890593698
-141.45751284237656
-141.7070102931482
-141.95639436854327
-142.20515985827643
-142.4537335374815
-142.7018029721295
-142.94956946274908
-143.19694492149966
-143.44390737228815
-143.69059090969347
-143.93675241098953
-144.18274605705
-144.42810964120093
-144.67336418764978
-144.91798404322452
-145.16244460806837
-145.4063805158006
-145.65004998409773
-145.89330387658168
-146.13618507692567
-146.37875886259374
-146.6208545674912
-146.86275013068578
-147.1040630569249
-147.3452703917133
-147.58581506697857
-147.8262430784701
-148.06611504044216
-148.30576630420654
-148.54496734155006
-148.7838443787558
-149.02237625637636
-149.26048153411352
-149.4983459932177
-149.7356819248122
-149.97288068296638
-150.20944962828457
-150.44591623054393
-150.68178864521536
-150.9174911747497
-151.15270289988194
-151.38764358134182
-151.62219624048424
-151.856377246139
-152.09027243946363
-152.32369588946193
-152.55693519380984
-152.78960315643187
-153.02217045344108
-153.25410261725813
-153.48591690169633
-153.7171977675145
-153.94826097663812
-154.17889202840533
-154.4092060484813
-154.6391887470199
-154.8687554135338
-155.09809119657612
-155.32691229443216
-155.55560257665405
-155.7836798403653
-156.01165769474935
-156.23906112728707
-156.4662971204083
-156.69305915811935
-156.9195548973126
-157.14567686294282
-157.3714339057999
-157.5969170991773
-157.82193695369534
-158.046782651752
-158.27106677647163
-158.49525159067184
-158.71882603739894
-158.94227668266453
-159.16521732768408
-159.38793513775553
-159.61024316659837
-159.83222942621202
-160.05390600159484
-160.27516194657903
-160.4962082084147
-160.71673502577633
-160.93715209118258
-161.15695091918468
-161.37664987796927
-161.5958118107215
-161.8147838619419
-162.03331981290535
-162.25156597174902
-162.46947696690887
-162.68699820004082
-162.90428524260187
-163.12108246819912
-163.33774653858248
-163.5538206263589
-163.76979347728968
-163.9852144534197
-164.2004648485907
-164.41526565704564
-164.6297943436562
-164.8439758736539
-165.0577835504617
-165.27134666839268
-165.48443398569486
-165.6973795351073
-165.90974709471217
-166.12201139991927
-166.33372425148409
-166.54526908206998
-166.75636675852996
-166.967192593493
-167.17767584684017
-167.38778311650668
-167.59765267578769
-167.80704176173842
-168.01629833302758
-168.2249695680145
-168.43353488074482
-168.64156750223802
-168.84941484566326
-169.05683645925617
-169.26396604214438
-169.4707772617144
-169.67718924361114
-169.88339065989953
-170.08908515099807
-170.29467090336556
-170.4996543925718
-170.70452220480985
-170.90889752373974
-171.1130473804084
-171.3168150268471
-171.5202468625806
-171.72340731096108
-171.92612101028905
-172.12867471164256
-172.3306701088017
-172.53255290291452
-172.7338943694408
-172.93505799766362
-173.1357939293192
-173.33623809739314
-173.53636885106437
-173.73609321363773
-173.93561912252932
-174.13462328291794
-174.33351104252296
-174.5318281664276
-174.72999451369532
-174.9277076497078
-175.12515205635694
-175.32226144230742
-175.518983327729
-175.7154891774309
-175.91148790839586
-176.10736597972073
-176.3026653019276
-176.4978186519403
-176.69251493448874
-176.8869427945584
-177.08103615443372
-177.27473770210898
-177.46822823188714
-177.66120259054856
-177.8540515475649
-178.04633659681195
-178.23845642879445
-178.4301387783526
-178.62152846873752
-178.81260811266839
-179.00326658930845
-179.19374349681334
-179.38366963157176
-179.5734651129012
-179.76273635522602
-179.95179717472075
-180.14046543807308
-180.32879032233234
-180.5168554754712
-180.70444309346198
-180.8918955049772
-181.07875394236336
-181.26546645845946
-181.45172123922654
-181.63769237882872
-181.823343269571
-182.00857149214096
-182.19361823362328
-182.37810193864044
-182.56244421077452
-182.7462817721059
-182.92987648101428
-183.11310895918112
-183.29595434747347
-183.47858137868778
-183.66067562690807
-183.84262310699143
-184.02403804696067
-184.20523100307435
-184.38603924542474
-184.56647569520578
-184.7466767694907
-184.9263546662156
-185.10588008830524
-185.2848653069144
-185.46362843875875
-185.64200491528774
-185.82000354061495
-185.99777069567156
-186.175002531333
-186.35207578985938
-186.52862245317488
-186.7049248149869
-186.88086025232616
-187.05638925744802
-187.23171277799833
-187.40646589682612
-187.5810539127384
-187.75515141404333
-187.9289590485992
-188.10244239040483
-188.27546692922098
-188.44832138356065
-188.62057396268906
-188.79264053682283
-188.9642764546618
-189.13555224313438
-189.30657060733427
-189.4770526296911
-189.64735725669135
-189.81713771827793
-189.986643371186
-190.1558034241694
-190.32450692224108
-190.4930274684175
-190.66094363903431
-190.8286565049878
-190.9959491410018
-191.16285093842492
-191.32951893664801
-191.4956061960364
-191.66150230289787
-191.8269175919644
-191.99199317077952
-192.15678032592635
-192.3210316890071
-192.4850856858576
-192.64861285641243
-192.8118362977414
-192.9747315537058
-193.13712052527757
-193.29930562075742
-193.4609330413847
-193.6222769624212
-193.78326839694967
-193.94376699389593
-194.10405489074247
-194.26377005097083
-194.42320553810146
-194.58228034326976
-194.74085902623926
-194.8992198518299
-195.05700934195693
-195.21450587981874
-195.37165034152403
-195.5282779424761
-195.68468017517677
-195.84052966508443
-195.99605506135194
-196.15125453778353
-196.3058981831879
-196.4603085742898
-196.6142027912128
-196.7677230968961
-196.92096199594582
-197.07358702541205
-197.2259705164309
-197.37789322163775
-197.52937264665798
-197.6806054278362
-197.83120428232877
-197.98152391742286
-198.13145788176664
-198.28085870556242
-198.43000392106532
-198.5786019857622
-198.72681881901295
-198.87474579730767
-199.0220282742087
-199.1690457130993
-199.315624050618
-199.46169704789932
-199.60749920221093
-199.75272001116406
-199.89756730885318
-200.04210592032535
-200.1859918554724
-200.32959671927466
-200.4727638656256
-200.61539639621657
-200.7577415589945
-200.89952753726266
-201.04088903878642
-201.18195668133671
-201.3223514518379
-201.4624237362541
-201.60211903102794
-201.74118864731412
-201.8799529426801
-202.01824132481718
-202.15599063536976
-202.29342756469657
-202.43029812440534
-202.5667073519989
-202.70279691130918
-202.8382383789094
-202.97328710629293
-203.1080086418494
-203.24200938069197
-203.37567652733802
-203.50895242139129
-203.64155671118232
-203.77382050915855
-203.90563751539145
-204.03682418470564
-204.16766215363552
-204.29800768556595
-204.42775379024647
-204.5571427113248
-204.68600378897708
-204.81428563107002
-204.94220152009746
-205.06956476189936
-205.1963578621227
-205.32277594152157
-205.4486275559555
-205.57390662512825
-205.69880129490065
-205.82312707190144
-205.94686598129312
-206.0702107888812
-206.19299609097388
-206.31516784153334
-206.43693545053856
-206.55816520370726
-206.67874189412677
-206.79890405184491
-206.9185627361257
-207.03751552969598
-207.15604303342167
-207.27411467321068
-207.3914137634195
-207.50827642547245
-207.62469905693223
-207.74035915436573
-207.85552576578849
-207.97024066760963
-208.08427172184102
-208.19771001471747
-208.31068449859288
-208.4230688586369
-208.5347454669758
-208.64594572920186
-208.75666524105748
-208.86654566018615
-208.97593674037347
-209.0848342077273
-209.19302128001155
-209.30056701821934
-209.40760549915956
-209.51408006175768
-209.6197430539882
-209.7248846421814
-209.82950012857748
-209.93336824029132
-210.036573718567
-210.13923822722955
-210.24134276344816
-210.34257155500183
-210.44324395550734
-210.54335479137785
-210.64277360951897
-210.74141133851668
-210.83947128390798
-210.93694797479577
-211.0336308613586
-211.12959525641463
-211.22495933197104
-211.3197172989827
-211.41361196274042
-211.5068165503321
-211.59939706699126
-211.691347383393
-211.7823993796469
-211.87275323757487
-211.9624579810409
-212.05150711693273
-212.1396597682583
-212.2270672645937
-212.3137992296588
-212.3998487815805
-212.48504309489567
-212.5694036115152
-212.65306072067597
-212.73600712521045
-212.81818170498656
-212.8993893447381
-212.97986415013068
-213.05959838050688
-213.1385841731635
-213.21663261441103
-213.2938119820236
-213.37021922665843
-213.44584600300368
-213.5206838317947
-213.5944863684591
-213.66744569030635
-213.73959069857952
-213.81091238902127
-213.88140161048477
-213.95083198199407
-214.01936587076017
-214.08704010839728
-214.1538449728311
-214.21977058103963
-214.28469569258004
-214.34858405123958
-214.41156400902443
-214.47362506218911
-214.53475653075913
-214.59494755489996
-214.65404292872665
-214.71208891540726
-214.76916269734392
-214.82525272699985
-214.88034726003892
-214.93443435128864
-214.9874658507866
-215.03929109674047
-215.0900742603283
-215.13980263459848
-215.18846329297787
-215.23604308478298
-215.2825286306398
-215.32790631781097
-215.372024527245
-215.41496445022688
-215.45675746004764
-215.49738906738924
-215.53684452789494
-215.57510883697088
-215.6121667244813
-215.64800264933655
-215.68260079397004
-215.7158710905627
-215.7478061775206
-215.77845864899416
-215.80781165914888
-215.8358480601431
-215.86255039598075
-215.88790089623882
-215.91188146966573
-215.9344736976488
-215.95565882754767
-215.9754177658906
-215.99373107143134
-216.01057894806277
-216.02594123758513
-216.039797412325
-216.05212656760233
-216.06288454043136
-216.07205261635465
-216.07963562726417
-216.08561128767514
-216.08995690047252
-216.09264934852024
-216.09366508609796
-216.0929801301601
-216.0905700514146
-216.08640996521666
-216.08047452227467
-216.07273789916266
-216.06317378863696
-216.05172487172325
-216.03835885830802
-216.0230732882164
-216.00583953092655
-215.98662841326654
-215.9654102082933
