0.0
0.22396825341880575
0.4479267021383194
0.671874459974563
0.8958106411036525
1.1197343600651608
1.3436447317654658
1.5675408714810894
1.791421894862019
2.015286917935023
2.239135057106943
2.4629654291679874
2.6867771512949985
2.9105693410547158
3.1343411164070263
3.3580915957081947
3.5818198977140887
3.8055251415833897
4.029206446880789
4.25286293358017
4.476493722067786
4.700097933145415
4.923674688033503
5.147223108374309
5.370742316235014
5.594231434110837
5.817689584928129
6.041115892047457
6.264509479266677
6.487869470823983
6.711194991400971
6.934485166125647
7.157739120575474
7.380955980780362
7.604134873225665
7.827274924855174
8.050375263074084
8.273435015751945
8.49645331122561
8.71942927830218
8.942362046261904
9.16525074486111
9.388094504335077
9.610892455400942
9.833643729260553
10.056347457603335
10.27900277260914
10.501608806951076
10.724164693798324
10.946669566818958
11.169122560182737
11.391522808563888
11.613869447143884
11.8361616116142
12.058398438179054
12.280579063558164
12.502702624989455
12.724768260231766
12.946775107567575
13.168722305805655
13.390608994283768
13.612434312871331
13.834197401972057
14.055897402526597
14.277533456015167
14.499104704460176
14.720610290428809
14.942049357035625
15.16342104794515
15.38472450737443
15.605958880095589
15.827123311438383
16.048216947292715
16.269238934111186
16.49018841891155
16.711064549279282
16.93186647337
17.15259333991198
17.373244298208597
17.593818498140784
17.814315090169465
18.034733225338
18.25507205527457
18.475330732194625
18.69550840890322
18.91560423879745
19.135617375868794
19.355546974705476
19.57539219049483
19.795152179025603
20.0148260966903
20.234413100487508
20.45391234802419
20.673322997517957
20.89264420779939
21.111875138314257
21.331014949125823
21.55006280091706
21.769017854992907
21.987879273282477
22.206646218341277
22.42531785335343
22.643893342133833
22.862371849130366
23.080752539426054
23.29903457874123
23.517217133435683
23.73529937051079
23.953280457611655
24.171159563029214
24.388935855702368
24.606608505220045
24.824176681823314
25.041639556407432
25.258996300523965
25.476246086382755
25.69338808685406
25.910421475470507
26.12734542642917
26.344159114593555
26.56086171549563
26.77745240533779
26.993930360994852
27.210294760016033
27.426544780626912
27.642679601731377
27.85869840291357
28.07460036443982
28.290384667260582
28.506050493012324
28.721597024019463
28.937023443296205
29.152328934548514
29.367512682175914
29.58257387127336
29.79751168763315
30.012325317746733
30.227013948806515
30.441576768707744
30.65601296605029
30.870321730140503
31.084502250992927
31.29855371933217
31.512475326594647
31.72626626493036
31.939925727204663
32.153452907
32.366846998617696
32.58010719707964
32.79323269813001
33.00622269823705
33.21907639459472
33.43179298512443
33.644371668476715
33.85681164403291
34.06911211190686
34.28127227294654
34.493291328735744
34.705168481595734
34.916902934586865
35.1284938915102
35.33994055690919
35.55124213607123
35.7623978350293
35.973406860563536
36.18426842020287
36.39498172222655
36.605545975665756
36.81596039030515
37.026224176684444
37.23633654609994
37.44629671060607
37.65610388301696
37.86575727690791
38.075256106616926
38.28459958724628
38.49378693466395
38.70281736550515
38.911690097173796
39.120404347844016
39.328959336461594
39.53735428274548
39.74558840718919
39.95366093106229
40.16157107641183
40.36931806606384
40.57690112362465
40.78431947348238
40.991572340808375
41.198658951558556
41.40557853247489
41.6123303110867
41.81891351571214
42.02532737545952
42.23157112022868
42.43764398071242
42.64354518839777
42.84927397556744
43.054829575301085
43.2602112214767
43.46541814877191
43.67044959266538
43.875304789438026
44.07998297617444
44.28448339076414
44.48880527190286
44.69294785909389
44.89691039264936
45.10069211369151
45.304292264153986
45.50771008678308
45.71094482513906
45.913995723597395
46.11686202734997
46.31954298240643
46.52203783559537
46.724345834565554
46.926466227787216
47.12839826455321
47.330141194980314
47.53169427001039
47.733056741411616
47.93422786177969
48.13520688453904
48.335993063944024
48.536585655080096
48.73698391386506
48.93718709705014
49.13719446222129
49.33700526780023
49.53661877304572
49.7360342380547
49.935250923763405
50.13426809194856
50.33308389269978
50.53169818040546
50.73011072407881
50.92832078886272
51.126327640746894
51.32413054656893
51.52172877401554
51.719121591623605
51.91630826878127
52.1132880757291
52.310060283561185
52.50662416422618
52.702978990528486
52.8991240361293
53.09505857554771
53.29078188416176
53.48629323820956
53.68159191479039
53.87667719186569
54.0715483482602
54.266204663663046
54.460645418628744
54.65486989457827
54.84887737380012
55.04266713945146
55.23623847555898
55.42959066702013
55.622722999604065
55.815634759952715
56.00832523558181
56.20079371488191
56.393039487119474
56.58506184243785
56.776860071858316
56.9684334672811
57.1597813214864
57.3509029281354
57.54179758177129
57.73246457782031
57.922903212592665
58.11311278328364
58.30309258797455
58.492841925633726
58.68236009611758
58.87164640017151
59.060700139431034
59.24952061642262
59.43810713456479
59.62645899816903
59.814575512440896
60.00245598348087
60.19009971828541
60.37750602474794
60.564674211659764
60.751603588711106
60.938293466492105
61.124743156493686
61.31095197110865
61.49691922363259
61.68264422826482
61.86812630010943
62.053364755176204
62.23835891038157
62.4231080835496
62.607611593412955
62.791868759613834
62.97587890270498
63.15964134415057
63.34315540632724
63.52642041252499
63.70943568694818
63.892200554716474
64.07471434186574
64.25697637534913
64.43898598303785
64.62074249372233
64.80224523711297
64.98349354384125
65.16448674546055
65.3452241744472
65.52570516420137
65.70592904904804
65.88589516423798
66.06560284594862
66.24505143128508
66.42424025828105
66.60316866589974
66.78183599403495
66.96024158351182
67.13838477608793
67.3162649144542
67.4938813422358
67.67123340399314
67.84832044522281
68.02514181235853
68.20169685277209
68.37798491477425
68.55400534761584
68.72975750148849
68.90524072752578
69.0804543778041
69.25539780534352
69.43007036410891
69.60447140901081
69.77860029590632
69.95245638160013
70.12603902384551
70.29934758134513
70.47238141375213
70.64513988167107
70.81762234665878
70.98982815255764
71.16175395103247
71.33340182200959
71.50477113092307
71.6758612441647
71.84667152908477
72.0172013539934
72.18745008816117
72.35741710182019
72.52710176616513
72.69650345335414
72.86562153650982
73.03445538972018
73.20300438803963
73.37126790748995
73.53924532506124
73.70693601871301
73.87433936737494
74.0414547509481
74.2082815503058
74.3748191472946
74.54106692473526
74.70702426642383
74.87269055713251
75.03806518261078
75.20314752958625
75.36793698576581
75.53243293983645
75.69663478146646
75.86054190130628
76.02415369098955
76.18746954313417
76.35048885134321
76.51321101020604
76.67563541529918
76.83776146318756
76.9995885514253
77.16111607855683
77.32234344411796
77.48327004863684
77.64389529363503
77.80421858162848
77.96423931612863
78.1239569016434
78.28337074367825
78.44248024873724
78.60128482432407
78.75978387894303
78.91797682210026
79.0758630643046
79.23344201706877
79.39071309291037
79.54767570535302
79.70432926892727
79.86067319917191
80.01670691263479
80.17242982687411
80.32784136045932
80.48294093297238
80.63772796500868
80.79220187817823
80.94636209510676
81.10020803943675
81.25373913582855
81.4069548099616
81.55985448853528
81.71243759927029
81.86470357090963
82.01665183321973
82.1682818169916
82.3195929540419
82.47058467721412
82.62125642037972
82.77160761843919
82.92163770732337
83.07134612399429
83.22073230644664
83.3697956937087
83.51853572584359
83.66695184395044
83.81504349016554
83.9628101076634
84.11025114065811
84.25736603440437
84.40415423519877
84.55061519038087
84.6967483483345
84.8425531584888
84.98802907131963
85.13317553835057
85.27799201215426
85.42247794635347
85.5666327956225
85.71045601568822
85.85394706333143
85.99710539638798
86.13993047375007
86.28242175536742
86.4245787022486
86.56640077646219
86.70788744113808
86.84903816046875
86.9898512879835
87.1303251700535
87.27046149788961
87.41025974004744
87.54971936615172
87.68883984689765
87.82762065405221
87.96606126045535
88.10416114002135
88.24191976774011
88.37933661967847
88.51641117298142
88.65314290587355
88.78953129766023
88.92557582872905
89.06127598055109
89.19663123568222
89.33164107776446
89.46630499152738
89.60062246278937
89.73459297845899
89.86821602653636
90.00149109611453
90.1344176773808
90.26699526161809
90.39922334120641
90.53110140962409
90.66262896144931
90.79380549236136
90.92463049914215
91.05510347967754
91.18522393295876
91.31499135908383
91.44440525925901
91.5734651358001
91.70217049213404
91.83052083280022
91.95851566345189
92.08615449085777
92.21343682290329
92.34036216859222
92.46693003804796
92.5931399425152
92.71899139436123
92.84448390707739
92.96961699528075
93.09439017471541
93.21880296225406
93.3428548758994
93.46654543478584
93.58987415918075
93.71284057048611
93.83544419124007
93.95768454511835
94.07956115693587
94.20107355264818
94.32222125935314
94.44300380529234
94.56342071985267
94.68347153356794
94.80315577812037
94.92247298634223
95.04142269221734
95.16000443088261
95.27821773862976
95.39606215290682
95.51353721231972
95.63064245663391
95.74737742677594
95.8637416648351
95.97973471406506
96.09535611888538
96.21060542488325
96.3254821788151
96.43998592860817
96.55411622336226
96.66787261335125
96.78125465002489
96.89426188601036
97.00689387511393
97.11915017232278
97.23103033380642
97.34253391691861
97.45366048019895
97.56440958337456
97.67478078736177
97.78477365426787
97.8943877473928
98.00362263123085
98.11247787147238
98.2209530350056
98.32904768991823
98.43676140549923
98.54409375224064
98.65104430183922
98.75761262719833
98.86379830242942
98.96960090285421
99.07502000500608
99.18005518663207
99.28470602669454
99.388972105373
99.49285300406598
99.5963483053927
99.69945759319486
99.80218045253864
99.90451646971631
100.00646523224816
100.1080263288842
100.20919934960624
100.30998388562942
100.4103789852795
100.51038217198978
100.60999565796355
100.70921903947954
100.80805191405902
100.90649388046786
101.0045445387183
101.10220349007083
101.19947033703606
101.29634468337662
101.39282613410906
101.48891429550574
101.5846087750967
101.67990918167166
101.7748151252818
101.86932621724178
101.96344207013155
102.05716229779846
102.15048651535899
102.24341433920084
102.33594538698475
102.42807927764657
102.51981563139911
102.61115406973417
102.70209421542441
102.79263569252545
102.88277812637774
102.97252114360856
103.06186437213407
103.1508074411611
103.23934998118946
103.32749162401366
103.41523200272499
103.50257075171362
103.58950750667049
103.67604190458941
103.76217358376906
103.84790218381495
103.9332273456416
104.0181487114744
104.1026659248518
104.18677863062726
104.2704864749713
104.35378910537369
104.43668617064533
104.5191773209204
104.60126220765846
104.68294048364648
104.76421180300085
104.84507582116963
104.9255321949345
105.00558058241293
105.08522064306021
105.16445203767157
105.24327442838435
105.32168747868
105.3996908533863
105.47728421867942
105.554467242086
105.6312395924854
105.70760094011173
105.78355095655597
105.85908931476826
105.93421568905978
106.00892975510524
106.08323118994468
106.1571196719859
106.23059488100643
106.3036564981558
106.37630420595775
106.44853768831221
106.52035663049769
106.59176071917331
106.66274964238107
106.73332308954802
106.8034807514884
106.87322232040583
106.94254748989563
107.01145595494692
107.07994741194481
107.14802155867267
107.21567809431426
107.28291671945607
107.34973713608943
107.41613904761276
107.48212215883383
107.54768617597196
107.61283080666024
107.67755575994777
107.74186074630194
107.80574547761066
107.86920966718452
107.93225302975917
107.99487528149746
108.05707613999175
108.11885532426622
108.18021255477899
108.2411475534245
108.30166004353569
108.36174974988639
108.42141639869344
108.48065971761912
108.53947943577329
108.59787528371572
108.65584699345845
108.7133942984679
108.77051693366738
108.82721463543916
108.8834871416269
108.93933419153794
108.9947555259455
109.04975088709108
109.10432001868672
109.1584626659173
109.21217857544286
109.26546749540091
109.31832917540869
109.37076336656558
109.42276982145528
109.47434829414826
109.52549854020398
109.5762203166733
109.62651338210068
109.6763774965266
109.72581242148985
109.77481792002986
109.82339375668904
109.87153969751508
109.91925551006325
109.9665409633989
110.0133958280995
110.05981987625731
110.10581288148141
110.1513746189003
110.196504865164
110.24120339844657
110.28546999844836
110.32930444639835
110.37270652505659
110.41567601871634
110.45821271320666
110.5003163958946
110.54198685568753
110.58322388303556
110.62402726993386
110.66439680992502
110.7043322981014
110.74383353110738
110.78290030714186
110.82153242596053
110.85972968887813
110.89749189877102
110.93481886007936
110.97171037880945
111.00816626253615
111.04418632040522
111.07977036313565
111.11491820302199
111.14962965393673
111.18390453133264
111.2177426522451
111.2511438352945
111.2841079006885
111.31663467022442
111.34872396729159
111.38037561687374
111.41158944555124
111.44236528150351
111.47270295451136
111.50260229595929
111.53206313883794
111.56108531774623
111.58966866889389
111.61781303010375
111.64551824081394
111.67278414208046
111.69961057657932
111.72599738860895
111.7519444240925
111.77745153058021
111.80251855725169
111.82714535491826
111.85133177602535
111.87507767465466
111.89838290652662
111.92124732900265
111.94367080108749
111.9656531834315
111.98719433833294
112.00829412974039
112.02895242325495
112.04916908613257
112.06894398728636
112.08827699728889
112.1071679883745
112.12561683444159
112.14362341105488
112.16118759544767
112.17830926652431
112.19498830486219
112.21122459271433
112.2270180140114
112.24236845436413
112.25727523276106
112.27173880187677
112.28575907428632
112.29933594236917
112.31246930019546
112.32515904352829
112.33740506982589
112.349207278244
112.3605655696379
112.3714798465649
112.38195001328631
112.39197597576994
112.4015576416921
112.41069492043994
112.41938772311362
112.42763596252853
112.4354395532176
112.44279841143329
112.44971245514998
112.45618160406609
112.46220577960624
112.46778490492355
112.47291890490165
112.47760770615702
112.48185123704107
112.48564942764229
112.48900220978854
112.49190951704902
112.49437128473654
112.49638744990969
112.49795795137486
112.4990827296885
112.49976172715917
112.49999488784968
112.49978215757925
112.49912348392554
112.49801881622683
112.49646810558413
112.49447130486313
112.49202836869655
112.48913925348594
112.48580391740397
112.48202232039635
112.47779442418404
112.47312019226513
112.46799958991706
112.46243258419857
112.45641914395173
112.44995923980409
112.44305284417045
112.43569993125521
112.42790047705412
112.4196544593564
112.4109618577467
112.40182265360707
112.392236830119
112.38220437226539
112.37172526683243
112.36079950241168
112.34942706940188
112.33760796001104
112.3253421682583
112.31262968997586
112.29947052281088
112.2858646662275
112.27181212150856
112.25731289175768
112.24236695989889
112.22697376586977
112.21113388955169
112.1948473413708
112.17811413358397
112.16093428028069
112.14330779738494
112.12523470265693
112.106715015695
112.08774875793738
112.06833595266409
112.04847662499853
112.02817080190944
112.00741851221271
111.98621978657292
111.96457465750532
111.94248315937746
111.91994532841095
111.89696120268319
111.87353082212914
111.84965422854286
111.8253314655795
111.80056257875663
111.77534761545621
111.7496866249261
111.7235796582818
111.69702676850804
111.67002801046041
111.64258344086704
111.61469311833024
111.58635710332797
111.55757545821555
111.52834824722724
111.49867553647778
111.46855739396392
111.43799388956604
111.4069850950497
111.37553108406708
111.34363193215853
111.3112877167542
111.27849851717531
111.24526441463583
111.21158549224387
111.17746183500317
111.14289352981447
111.10788066547704
111.07242333269015
111.03652162405432
111.0001756340728
110.9633854591531
110.92615119760809
110.88847294965764
110.85035081742977
110.81178490496217
110.77277531820333
110.73332216501403
110.69342555516859
110.65308560035609
110.6123024141818
110.57107611216827
110.52940681175672
110.48729463230823
110.44473969510496
110.40174212335138
110.35830204217548
110.31441957862998
110.2700948616934
110.22532802227134
110.18011919319761
110.13446850923529
110.08837610707799
110.04184212535075
109.9948667046114
109.94744998735136
109.899592117997
109.85129324291043
109.80255351039067
109.75337307067471
109.70375207593843
109.65369068029763
109.60318903980908
109.5522473124714
109.50086565822598
109.4490442389581
109.39678321849767
109.34408276262026
109.29094303904789
109.23736421745006
109.18334646944446
109.12888996859795
109.07399489042727
109.01866141240002
108.96288971393533
108.90667997640475
108.8500323831329
108.79294711939842
108.73542437243458
108.67746433142999
108.61906718752947
108.56023313383459
108.50096236540442
108.44125507925622
108.3811114743661
108.32053175166958
108.2595161140623
108.19806476640059
108.13617791550207
108.0738557701462
108.01109854107487
107.94790644099297
107.88427968456882
107.82021848843478
107.75572307118767
107.69079365338938
107.6254304575671
107.55963370821402
107.49340363178956
107.42674045671993
107.3596444133984
107.2921157341858
107.22415465341079
107.15576140737025
107.08693623432956
107.01767937452301
106.94799107015399
106.87787156539534
106.8073211063896
106.73633994124918
106.66492832005672
106.59308649486519
106.52081471969811
106.44811325054975
106.37498234538529
106.30142226414088
106.22743326872391
106.15301562301302
106.07816959285813
106.00289544608064
105.92719345247343
105.85106388380086
105.77450701379885
105.69752311817481
105.62011247460767
105.54227536274784
105.46401206421717
105.38532286260883
105.30620804348723
105.22666789438799
105.14670270481768
105.06631276625379
104.98549837214453
104.90425981790861
104.82259740093511
104.74051142058325
104.65800217818204
104.57506997703021
104.49171512239583
104.40793792151598
104.32373868359655
104.23911771981187
104.15407534330429
104.0686118691839
103.98272761452813
103.89642289838136
103.80969804175442
103.72255336762423
103.63498920093335
103.5470058685894
103.45860369946466
103.36978302439556
103.28054417618208
103.1908874895872
103.10081330133637
103.01032195011693
102.91941377657741
102.82808912332703
102.73634833493492
102.6441917579295
102.55161974079789
102.45863263398498
102.36523078989293
102.27141456288034
102.17718430926142
102.08254038730527
101.98748315723512
101.89201298122737
101.79613022341093
101.69983524986615
101.60312842862415
101.50601012966571
101.40848072492055
101.3105405882662
101.21219009552725
101.11342962447412
101.0142595548223
100.91468026823112
100.81469214830295
100.7142955805819
100.61349095255288
100.51227865364044
100.41065907520778
100.30862991871763
100.20619370860389
100.1033514017887
100.00010339750173
99.8964500969053
99.79239190309352
99.68792922109067
99.5830624578501
99.47779202225291
99.37211832510658
99.26604177914366
99.15956279902039
99.05268180131537
98.94539920452813
98.83771542907765
98.72963089730102
98.62114603345191
98.5122612636991
98.40297701612502
98.29329372072418
98.18321180940167
98.07273171597151
97.96185387615523
97.85057872758013
97.73890670977765
97.62683826418188
97.51437383412778
97.4015138648495
97.28825880347866
97.17460909904274
97.06056520246324
96.94612756655394
96.83129664601915
96.71607289745185
96.60045677933194
96.48444875202432
96.36804927777713
96.25125882071976
96.13407784686102
96.01650682408717
95.89854622216006
95.78019651271507
95.66145816925916
95.54233166716895
95.42281748368858
95.30291609792769
95.18262799085944
95.06195364531843
94.94089354599838
94.81944817945036
94.69761803408036
94.57540360014721
94.45280536976051
94.32982383687833
94.20645949730492
94.08271284868862
93.95858439051952
93.83407462412725
93.70918405267851
93.58391318117495
93.45826251645069
93.33223256717007
93.20582384382521
93.07903685873359
92.95187212603565
92.82433016169244
92.69641148348302
92.56811661100207
92.4394460656574
92.31040037066738
92.18098005105844
92.05118563366253
91.92101764711448
91.79047662184954
91.65956309010056
91.5282775858956
91.39662064505505
91.26459280518912
91.13219460569509
90.99942658775461
90.86628929433095
90.73278327016627
90.59890906177881
90.46466721746023
90.33005828727265
90.1950828230459
90.05974137837468
89.92403450861573
89.78796277088483
89.65152672405404
89.51472692874869
89.37756394734437
89.24003834396422
89.10215068447576
88.9639015364879
88.82529146934799
88.68632105413877
88.54699086367528
88.40730147250183
88.26725345688898
88.12684739483024
87.98608386603917
87.84496345194603
87.7034867356948
87.56165430213989
87.41946673784298
87.2769246310698
87.13402857178687
86.99077915165826
86.84717468185805
86.70321690743535
86.55890756629422
86.41424725696965
86.26923657967711
86.12387613630953
85.97816653043358
85.83210836728651
85.6857022537726
85.53894879845986
85.39184861157639
85.24440230500709
85.09661049229007
84.94847378861309
84.79999281081027
84.65116817735827
84.5020005083729
84.35249042560545
84.20263855243925
84.05244551388586
83.90191193658157
83.75103844878382
83.5998256803673
83.44827426282052
83.29638482924204
83.14415801433663
82.99159445441182
82.83869478737387
82.68545965272409
82.53188969155525
82.37798554654754
82.22374786196487
82.06917728365111
81.91427445902612
81.75904003708192
81.60347466837892
81.44757900504189
81.29135370075616
81.13479941076368
80.97791679185897
80.82070650238536
80.6631692022309
80.50530555282435
80.3471162171313
80.18860185965
80.02976314640749
79.87060074495542
79.71111532436606
79.55130755522825
79.3911781096432
79.23072766122054
79.06995688507402
78.90886645781754
78.7474570575609
78.58572936390563
78.4236840579409
78.26132182223921
78.09864334085226
77.93564929930677
77.77234038460004
77.60871728519592
77.4447806910205
77.28053129345767
77.11596978534504
76.95109686096951
76.78591321606298
76.62041954779798
76.45461655478337
76.28850493706
76.12208539609617
75.95535863478351
75.78832535743234
75.62098626976737
75.45334207892317
75.28539349343991
75.11714122325876
74.94858597971734
74.77972847554554
74.61056942486071
74.44110954316332
74.2713495473324
74.10129015562096
73.9309320876516
73.7602760644118
73.58932280824934
73.41807304286783
73.24652749332209
73.07468688601344
72.90255194868526
72.7301234104182
72.5574020016256
72.3843884540488
72.2110835007527
72.03748787612064
71.86360231585013
71.68942755694802
71.51496433772566
71.34021339779434
71.16517547806049
70.98985132072096
70.81423892839109
70.63834178445533
70.46216065386137
70.28569628398029
70.10894942344895
69.93192082216525
69.75461123128338
69.57702140320872
69.39915209159335
69.22100405133097
69.04257803855205
68.86387481061915
68.68489512612182
68.50563974487179
68.32610942789819
68.14630493744242
67.96622703695346
67.78587649108277
67.6052540656795
67.42436052778541
67.24319664563004
67.06176318862565
66.88006092736231
66.69809063360293
66.51585308027828
66.33334904148187
66.15057929246511
65.9675446096323
65.78424577053545
65.60068355386936
65.4168587394666
65.23277210829247
65.04842444243984
64.86381652512424
64.67894914067872
64.4938230745488
64.30843911328732
64.12279804454941
63.93690065708741
63.750747740745794
63.56434008645595
63.37767848623119
63.19076373316155
63.00359662140862
62.8161779462005
62.628508503826666
62.44058909163276
62.252420508015454
62.06400355241732
61.875339025321566
61.68642772824701
61.49727046374282
61.30786803538322
61.118221247762555
60.928330906489904
60.73819781818395
60.547822790467706
60.3572066319634
60.1663501522872
59.97525416204399
59.783919472822156
59.59234689718838
59.400537248682355
59.208491341811616
59.01620999204617
58.8236940158134
58.630944230492695
58.437961454410264
58.2447465068338
58.05130020796728
57.85762337894569
57.66371684182972
57.46958141960047
57.27521793615426
57.080627216297216
56.8858100857401
56.69076737109295
56.49549989985982
56.300008500433414
56.104294002089866
55.908357234983484
55.712199030141214
55.515820219457574
55.31922163568928
55.12240411244988
54.92536848420442
54.728115586264195
54.530646254781395
54.33296132674376
54.13506163996936
53.936948033101096
53.738621345601544
53.54008241774744
53.34133209062457
53.14237120612222
52.943200606927995
52.74382113652236
52.54423363917347
52.34443895993164
52.14443794462412
51.94423143984975
51.74382029297354
51.543205352121504
51.34238746617499
51.141367484765745
50.94014625827032
50.738724637804665
50.537103475219006
50.33528362309237
50.13326544615249
49.93104922749812
49.72863689937897
49.526029317216725
49.323227337134426
49.12023181595112
48.917043611176545
48.71366358100575
48.51009258431375
48.30633148065034
48.10238113023439
47.89824239394898
47.69391613333572
47.489403210589494
47.2847044885532
47.07982083071243
46.87475310118995
46.669502164740614
46.46406888674586
46.258454133208566
46.05265877074747
45.84668366659211
45.64052968857734
45.43419770513803
45.22768858530383
45.02100319869378
44.8141424155111
44.60710710653772
44.39989814312913
44.192516397208976
43.98496274126383
43.77723804833788
43.56934319202758
43.36127904647643
43.15304648636967
42.94464638692895
42.73607962390713
42.527347073582916
42.318449612755686
42.10938811874014
41.90016346936109
41.69077654294805
41.481228218330244
41.2715193748311
41.061650892263174
40.85162365092283
40.64143853158493
40.431096415497706
40.220598184377515
40.00994472040358
39.79913690621274
39.58817562489427
39.377061759984656
39.1657961954624
38.95437981574278
38.742813505672714
38.531098150525445
38.3192346359955
38.107223848193414
37.89506667364054
37.682763999263955
37.47031671239121
37.25772570074521
37.04499185243905
36.83211605597085
36.61909920021863
36.40594217443512
36.192645868242735
35.97921117162837
35.76563897493823
35.551930168872815
35.338085644481765
35.12410629315873
34.90999300663634
34.69574667698107
34.48136819658817
34.26685845817654
34.05221835478375
33.837448779760926
33.62255062676767
33.407524789767095
33.19237216302064
32.9770936410832
32.76169011879802
32.54616249129161
32.330511653968806
32.11473850250779
31.898843932855044
31.682828841220356
31.46669412407186
31.25044067813105
31.0340694003678
30.817581187995437
30.60097693846572
30.384257549463975
30.167423918904092
29.950476944923675
29.73341752587906
29.516246560340416
29.298964947086837
29.081573585101406
28.864073373566445
28.646465211858477
28.428749999543438
28.210928636371893
27.993002022273885
27.774971057354406
27.556836641888516
27.338599676316406
27.120261061238562
26.90182169741106
26.683282485740776
26.464644327280492
26.24590812322414
26.027074774902133
25.808145183776418
25.58912025143592
25.37000087959167
25.15078797007213
24.931482424818363
24.712085145879477
24.492597035407805
24.27301899565424
24.053351928963536
23.83359673776964
23.613754324591035
23.393825592026108
23.173811442748388
22.953712779502027
22.73353050509718
22.51326552240519
22.29291873435426
22.0724910439247
21.85198335414436
21.63139656808396
21.410731588852695
21.18998931959368
20.96917066347912
20.748276523706174
20.527307803492135
20.30626540607001
20.085150234684015
19.86396319258516
19.642705183026603
19.421377109259236
19.199979874527394
18.978514382064162
18.75698153508706
18.53538223679352
18.313717390356643
18.091987898920664
17.870194665596507
17.64833859345755
17.426420585535126
17.20444154481425
16.982402374229178
16.76030397665914
16.538147254923924
16.315933111779728
16.09366244991468
15.87133617194455
15.648955180408608
15.426520377765234
15.20403266638774
14.981492948559927
14.758902126472151
14.536261102216814
14.313570777784392
14.09083205505896
13.868045835814279
13.64521302170941
13.422334514284676
13.199411214957426
12.976444025017926
12.7534338456252
12.530381577802915
12.307288122435402
12.084154380263309
11.860981251879705
11.637769637725953
11.414520438087601
11.19123455309042
10.967912882696359
10.7445563266994
10.521165784721747
10.297742156209637
10.074286340429405
9.850799236463516
9.627281743206783
9.403734759362008
9.18015918343643
8.956555913737546
8.732925848369453
8.509269885228655
8.2855889220003
8.06188385615439
7.838155584941709
7.614405005390279
7.390633014301167
7.1668405082448325
6.943028383557422
6.719197536336751
6.49534886243858
6.271483257472946
6.047601616800175
5.823704835527427
5.5997938085046295
5.3758694303210985
5.151932595301383
4.927984197502065
4.7040251307076195
4.480056288427038
4.25607856388996
4.032092850043262
3.8081000395470674
3.5841010247714977
3.3600966977927587
3.136087950389717
2.9120756740401936
2.6880607599174713
2.4640440988867582
2.2400265815014144
2.0160090979997354
1.7919925383012005
1.5679777920029778
1.343965748376443
1.1199572963638555
0.8959533245745968
0.671954721281919
0.44796237441935416
0.22397717157738262
-3.618275961772433e-14
-0.22396825341882423
-0.44792670213833363
-0.6718744599745856
-0.8958106411036987
-1.1197343600652077
-1.3436447317655185
-1.5675408714811079
-1.7914218948620582
-2.015286917935085
-2.239135057106999
-2.4629654291680163
-2.6867771512950496
-2.910569341054742
-3.1343411164070436
-3.3580915957082214
-3.5818198977141154
-3.805525141583427
-4.029206446880808
-4.2528629335802215
-4.476493722067812
-4.700097933145455
-4.923674688033542
-5.147223108374367
-5.370742316235036
-5.5942314341108945
-5.817689584928155
-6.0411158920474985
-6.264509479266698
-6.487869470824037
-6.7111949914010225
-6.934485166125715
-7.15773912057554
-7.380955980780393
-7.604134873225709
-7.827274924855235
-8.050375263074109
-8.273435015751987
-8.496453311225652
-8.719429278302242
-8.942362046261975
-9.165250744861137
-9.388094504335111
-9.61089245540097
-9.83364372926057
-10.056347457603312
-10.27900277260913
-10.501608806951088
-10.72416469379834
-10.946669566818947
-11.16912256018273
-11.391522808563867
-11.613869447143866
-11.836161611614202
-12.058398438179065
-12.280579063558177
-12.502702624989475
-12.72476826023175
-12.946775107567554
-13.168722305805643
-13.390608994283765
-13.612434312871333
-13.83419740197205
-14.055897402526597
-14.277533456015162
-14.499104704460196
-14.72061029042881
-14.942049357035637
-15.16342104794514
-15.384724507374452
-15.6059588800956
-15.82712331143838
-16.048216947292705
-16.269238934111193
-16.490188418911572
-16.711064549279282
-16.931866473370015
-17.152593339912
-17.37324429820863
-17.593818498140802
-17.814315090169483
-18.034733225338005
-18.255072055274592
-18.47533073219464
-18.695508408903216
-18.91560423879747
-19.135617375868822
-19.35554697470552
-19.57539219049483
-19.79515217902561
-20.01482609669033
-20.23441310048753
-20.453912348024208
-20.673322997517985
-20.89264420779942
-21.11187513831426
-21.331014949125848
-21.550062800917065
-21.769017854992903
-21.987879273282505
-22.20664621834132
-22.425317853353448
-22.643893342133833
-22.862371849130394
-23.080752539426086
-23.29903457874125
-23.51721713343571
-23.73529937051081
-23.953280457611662
-24.171159563029217
-24.388935855702385
-24.60660850522006
-24.82417668182334
-25.041639556407453
-25.258996300523993
-25.476246086382794
-25.693388086854085
-25.91042147547051
-26.12734542642918
-26.344159114593566
-26.560861715495648
-26.777452405337815
-26.99393036099486
-27.210294760016033
-27.426544780626926
-27.642679601731402
-27.85869840291358
-28.07460036443983
-28.29038466726059
-28.50605049301235
-28.721597024019484
-28.937023443296248
-29.152328934548542
-29.367512682175935
-29.582573871273397
-29.797511687633197
-30.012325317746768
-30.227013948806526
-30.441576768707755
-30.65601296605032
-30.870321730140546
-31.084502250992976
-31.29855371933221
-31.512475326594682
-31.72626626493039
-31.939925727204677
-32.153452907000016
-32.36684699861771
-32.58010719707964
-32.79323269813004
-33.0062226982371
-33.21907639459475
-33.43179298512446
-33.644371668476744
-33.85681164403292
-34.069112111906875
-34.28127227294655
-34.493291328735765
-34.705168481595784
-34.9169029345869
-35.12849389151024
-35.339940556909234
-35.551242136071274
-35.76239783502935
-35.973406860563585
-36.18426842020292
-36.39498172222659
-36.60554597566577
-36.81596039030517
-37.02622417668447
-37.23633654609998
-37.44629671060613
-37.656103883017
-37.865757276907935
-38.07525610661696
-38.28459958724632
-38.493786934663994
-38.70281736550517
-38.911690097173825
-39.12040434784406
-39.328959336461644
-39.537354282745525
-39.745588407189224
-39.95366093106232
-40.16157107641188
-40.369318066063876
-40.57690112362467
-40.78431947348241
-40.99157234080842
-41.198658951558606
-41.40557853247492
-41.61233031108672
-41.81891351571217
-42.02532737545955
-42.231571120228736
-42.437643980712465
-42.643545188397816
-42.84927397556747
-43.05482957530113
-43.26021122147672
-43.46541814877195
-43.67044959266542
-43.875304789438076
-44.07998297617449
-44.28448339076418
-44.48880527190289
-44.692947859093934
-44.89691039264941
-45.10069211369156
-45.30429226415401
-45.50771008678312
-45.71094482513911
-45.91399572359745
-46.11686202735002
-46.31954298240649
-46.52203783559537
-46.72434583456554
-46.9264662277872
-47.12839826455321
-47.33014119498033
-47.5316942700104
-47.73305674141162
-47.934227861779696
-48.135206884539045
-48.33599306394401
-48.53658565508012
-48.73698391386505
-48.93718709705014
-49.13719446222128
-49.33700526780023
-49.53661877304573
-49.73603423805472
-49.93525092376342
-50.13426809194855
-50.333083892699804
-50.53169818040546
-50.73011072407882
-50.928320788862706
-51.1263276407469
-51.32413054656894
-51.52172877401553
-51.71912159162362
-51.91630826878127
-52.1132880757291
-52.310060283561185
-52.50662416422619
-52.70297899052851
-52.89912403612931
-53.09505857554771
-53.29078188416177
-53.48629323820958
-53.681591914790395
-53.876677191865696
-54.07154834826022
-54.26620466366308
-54.460645418628744
-54.65486989457827
-54.848877373800136
-55.042667139451474
-55.23623847555901
-55.42959066702016
-55.622722999604065
-55.81563475995271
-56.00832523558182
-56.20079371488193
-56.393039487119474
-56.58506184243787
-56.776860071858344
-56.968433467281116
-57.159781321486406
-57.35090292813541
-57.541797581771306
-57.732464577820316
-57.92290321259268
-58.113112783283654
-58.30309258797455
-58.49284192563373
-58.682360096117584
-58.871646400171535
-59.060700139431056
-59.249520616422636
-59.43810713456481
-59.626458998169056
-59.81457551244093
-60.0024559834809
-60.190099718285445
-60.37750602474796
-60.564674211659785
-60.75160358871114
-60.938293466492134
-61.1247431564937
-61.31095197110865
-61.49691922363259
-61.68264422826485
-61.868126300109466
-62.05336475517624
-62.238358910381606
-62.42310808354963
-62.60761159341297
-62.79186875961386
-62.97587890270498
-63.159641344150586
-63.34315540632727
-63.52642041252503
-63.70943568694821
-63.89220055471649
-64.07471434186574
-64.25697637534913
-64.43898598303788
-64.62074249372236
-64.80224523711301
-64.98349354384126
-65.16448674546055
-65.34522417444721
-65.52570516420137
-65.70592904904807
-65.885895164238
-66.06560284594866
-66.24505143128512
-66.42424025828105
-66.60316866589977
-66.78183599403498
-66.96024158351184
-67.13838477608796
-67.31626491445424
-67.49388134223584
-67.67123340399317
-67.84832044522284
-68.02514181235857
-68.2016968527721
-68.37798491477429
-68.55400534761586
-68.7297575014885
-68.90524072752582
-69.08045437780413
-69.25539780534355
-69.43007036410897
-69.60447140901084
-69.77860029590634
-69.95245638160016
-70.12603902384554
-70.29934758134513
-70.47238141375216
-70.6451398816711
-70.81762234665882
-70.98982815255768
-71.16175395103248
-71.3334018220096
-71.50477113092312
-71.67586124416471
-71.84667152908483
-72.01720135399343
-72.1874500881612
-72.35741710182022
-72.52710176616515
-72.69650345335415
-72.86562153650986
-73.03445538972022
-73.20300438803967
-73.37126790748997
-73.53924532506129
-73.70693601871302
-73.87433936737499
-74.04145475094815
-74.20828155030586
-74.37481914729462
-74.54106692473529
-74.70702426642384
-74.87269055713256
-75.03806518261081
-75.20314752958626
-75.36793698576584
-75.53243293983648
-75.6966347814665
-75.86054190130632
-76.0241536909896
-76.18746954313421
-76.35048885134327
-76.51321101020606
-76.67563541529924
-76.8377614631876
-76.99958855142532
-77.16111607855687
-77.32234344411799
-77.48327004863685
-77.64389529363501
-77.80421858162846
-77.96423931612863
-78.1239569016434
-78.28337074367825
-78.44248024873725
-78.60128482432407
-78.75978387894301
-78.91797682210026
-79.0758630643046
-79.23344201706875
-79.39071309291036
-79.54767570535299
-79.70432926892724
-79.86067319917188
-80.01670691263477
-80.1724298268741
-80.32784136045932
-80.48294093297238
-80.63772796500868
-80.79220187817825
-80.94636209510678
-81.10020803943675
-81.25373913582857
-81.4069548099616
-81.55985448853525
-81.71243759927029
-81.86470357090964
-82.01665183321974
-82.16828181699162
-82.31959295404191
-82.4705846772141
-82.6212564203797
-82.7716076184392
-82.92163770732338
-83.07134612399432
-83.22073230644665
-83.36979569370868
-83.51853572584359
-83.66695184395047
-83.81504349016554
-83.9628101076634
-84.11025114065811
-84.25736603440438
-84.40415423519877
-84.55061519038087
-84.69674834833451
-84.84255315848881
-84.98802907131969
-85.13317553835057
-85.27799201215429
-85.42247794635348
-85.56663279562252
-85.71045601568824
-85.85394706333147
-85.99710539638801
-86.1399304737501
-86.28242175536744
-86.42457870224865
-86.56640077646217
-86.70788744113817
-86.84903816046878
-86.98985128798357
-87.1303251700535
-87.27046149788964
-87.41025974004745
-87.54971936615178
-87.68883984689768
-87.82762065405224
-87.96606126045538
-88.10416114002139
-88.24191976774014
-88.37933661967853
-88.51641117298145
-88.65314290587358
-88.78953129766025
-88.92557582872912
-89.06127598055112
-89.19663123568223
-89.33164107776449
-89.46630499152742
-89.60062246278937
-89.73459297845903
-89.86821602653639
-90.00149109611456
-90.13441767738078
-90.26699526161806
-90.39922334120642
-90.53110140962407
-90.66262896144931
-90.79380549236137
-90.92463049914215
-91.0551034796775
-91.18522393295876
-91.31499135908382
-91.44440525925903
-91.5734651358001
-91.70217049213409
-91.8305208328002
-91.95851566345188
-92.08615449085774
-92.2134368229033
-92.34036216859218
-92.46693003804799
-92.5931399425152
-92.71899139436123
-92.84448390707738
-92.96961699528075
-93.09439017471539
-93.21880296225406
-93.3428548758994
-93.46654543478589
-93.58987415918075
-93.71284057048615
-93.83544419124007
-93.95768454511835
-94.07956115693585
-94.20107355264821
-94.32222125935313
-94.44300380529235
-94.56342071985263
-94.68347153356795
-94.80315577812037
-94.92247298634226
-95.04142269221734
-95.16000443088262
-95.27821773862975
-95.39606215290684
-95.5135372123197
-95.63064245663392
-95.74737742677593
-95.86374166483512
-95.97973471406505
-96.09535611888538
-96.21060542488323
-96.32548217881511
-96.43998592860817
-96.55411622336227
-96.66787261335128
-96.7812546500249
-96.89426188601037
-97.00689387511395
-97.11915017232275
-97.23103033380643
-97.3425339169186
-97.45366048019895
-97.56440958337457
-97.6747807873618
-97.78477365426787
-97.8943877473928
-98.00362263123085
-98.11247787147241
-98.2209530350056
-98.32904768991823
-98.43676140549921
-98.54409375224063
-98.65104430183924
-98.75761262719833
-98.86379830242942
-98.96960090285421
-99.0750200050061
-99.18005518663207
-99.28470602669454
-99.38897210537304
-99.49285300406598
-99.5963483053927
-99.69945759319486
-99.80218045253866
-99.9045164697163
-100.00646523224817
-100.1080263288842
-100.20919934960627
-100.30998388562944
-100.41037898527951
-100.51038217198978
-100.60999565796358
-100.70921903947955
-100.80805191405904
-100.90649388046788
-101.00454453871833
-101.10220349007086
-101.1994703370361
-101.2963446833766
-101.3928261341091
-101.48891429550574
-101.58460877509674
-101.67990918167168
-101.77481512528183
-101.86932621724178
-101.96344207013158
-102.05716229779844
-102.15048651535902
-102.24341433920083
-102.33594538698479
-102.42807927764657
-102.51981563139914
-102.61115406973417
-102.70209421542441
-102.79263569252547
-102.88277812637776
-102.9725211436086
-103.0618643721341
-103.1508074411611
-103.2393499811895
-103.32749162401367
-103.41523200272503
-103.50257075171362
-103.58950750667051
-103.67604190458943
-103.76217358376908
-103.84790218381495
-103.93322734564163
-104.0181487114744
-104.10266592485183
-104.18677863062724
-104.27048647497132
-104.35378910537369
-104.43668617064534
-104.51917732092043
-104.60126220765852
-104.68294048364648
-104.76421180300086
-104.84507582116963
-104.92553219493453
-105.00558058241295
-105.08522064306021
-105.16445203767157
-105.24327442838435
-105.32168747868
-105.39969085338632
-105.47728421867943
-105.55446724208602
-105.6312395924854
-105.70760094011173
-105.78355095655597
-105.85908931476827
-105.9342156890598
-106.00892975510527
-106.08323118994468
-106.15711967198592
-106.23059488100644
-106.30365649815583
-106.37630420595775
-106.44853768831223
-106.52035663049767
-106.59176071917332
-106.66274964238107
-106.73332308954802
-106.8034807514884
-106.87322232040583
-106.94254748989563
-107.01145595494692
-107.07994741194483
-107.1480215586727
-107.21567809431427
-107.2829167194561
-107.34973713608946
-107.41613904761276
-107.48212215883385
-107.54768617597195
-107.61283080666024
-107.67755575994777
-107.74186074630197
-107.80574547761066
-107.86920966718453
-107.93225302975917
-107.99487528149746
-108.05707613999175
-108.11885532426624
-108.18021255477899
-108.2411475534245
-108.30166004353569
-108.3617497498864
-108.42141639869344
-108.48065971761913
-108.53947943577329
-108.59787528371574
-108.65584699345845
-108.71339429846793
-108.77051693366738
-108.82721463543918
-108.88348714162692
-108.93933419153797
-108.9947555259455
-109.04975088709108
-109.10432001868672
-109.1584626659173
-109.21217857544288
-109.26546749540093
-109.31832917540869
-109.37076336656558
-109.42276982145528
-109.47434829414827
-109.52549854020398
-109.5762203166733
-109.62651338210065
-109.6763774965266
-109.72581242148983
-109.77481792002988
-109.82339375668904
-109.87153969751508
-109.91925551006325
-109.9665409633989
-110.0133958280995
-110.05981987625731
-110.10581288148143
-110.15137461890032
-110.196504865164
-110.24120339844657
-110.28546999844836
-110.32930444639835
-110.37270652505659
-110.41567601871635
-110.45821271320666
-110.50031639589461
-110.54198685568753
-110.58322388303556
-110.62402726993385
-110.66439680992504
-110.70433229810139
-110.74383353110738
-110.78290030714187
-110.82153242596053
-110.85972968887813
-110.89749189877105
-110.93481886007937
-110.97171037880945
-111.00816626253616
-111.04418632040522
-111.07977036313565
-111.11491820302199
-111.14962965393673
-111.18390453133264
-111.21774265224511
-111.25114383529451
-111.2841079006885
-111.3166346702244
-111.34872396729159
-111.38037561687375
-111.41158944555124
-111.44236528150351
-111.47270295451138
-111.50260229595932
-111.53206313883794
-111.56108531774623
-111.58966866889389
-111.61781303010375
-111.64551824081394
-111.67278414208046
-111.69961057657932
-111.72599738860895
-111.7519444240925
-111.77745153058022
-111.80251855725169
-111.82714535491829
-111.85133177602535
-111.87507767465468
-111.89838290652662
-111.92124732900267
-111.9436708010875
-111.9656531834315
-111.98719433833294
-112.00829412974039
-112.02895242325496
-112.04916908613257
-112.06894398728633
-112.0882769972889
-112.1071679883745
-112.12561683444162
-112.14362341105488
-112.16118759544767
-112.17830926652431
-112.19498830486222
-112.21122459271434
-112.2270180140114
-112.24236845436413
-112.25727523276107
-112.27173880187678
-112.28575907428632
-112.29933594236917
-112.31246930019546
-112.32515904352829
-112.33740506982589
-112.349207278244
-112.3605655696379
-112.3714798465649
-112.38195001328631
-112.39197597576995
-112.4015576416921
-112.41069492043994
-112.41938772311362
-112.42763596252853
-112.4354395532176
-112.44279841143329
-112.44971245514998
-112.45618160406609
-112.46220577960624
-112.46778490492355
-112.47291890490165
-112.47760770615702
-112.48185123704107
-112.4856494276423
-112.48900220978854
-112.49190951704901
-112.49437128473654
-112.49638744990969
-112.49795795137486
-112.4990827296885
-112.49976172715917
-112.49999488784968
-112.49978215757925
-112.49912348392554
-112.49801881622683
-112.49646810558413
-112.49447130486313
-112.49202836869655
-112.48913925348594
-112.48580391740397
-112.48202232039635
-112.47779442418403
-112.47312019226513
-112.46799958991707
-112.46243258419857
-112.45641914395173
-112.44995923980407
-112.44305284417045
-112.43569993125521
-112.42790047705412
-112.4196544593564
-112.41096185774668
-112.40182265360707
-112.392236830119
-112.38220437226539
-112.37172526683244
-112.36079950241168
-112.34942706940188
-112.33760796001104
-112.3253421682583
-112.31262968997588
-112.2994705228109
-112.2858646662275
-112.27181212150856
-112.25731289175768
-112.24236695989889
-112.22697376586976
-112.21113388955169
-112.1948473413708
-112.17811413358397
-112.1609342802807
-112.14330779738494
-112.12523470265691
-112.10671501569499
-112.08774875793739
-112.06833595266407
-112.04847662499853
-112.02817080190944
-112.00741851221271
-111.98621978657292
-111.96457465750531
-111.94248315937746
-111.91994532841095
-111.89696120268319
-111.87353082212914
-111.84965422854287
-111.8253314655795
-111.80056257875663
-111.77534761545621
-111.7496866249261
-111.7235796582818
-111.69702676850801
-111.6700280104604
-111.64258344086704
-111.61469311833025
-111.58635710332797
-111.55757545821555
-111.52834824722723
-111.49867553647778
-111.46855739396389
-111.43799388956604
-111.4069850950497
-111.37553108406708
-111.34363193215853
-111.3112877167542
-111.27849851717531
-111.24526441463583
-111.21158549224387
-111.17746183500317
-111.14289352981444
-111.10788066547705
-111.07242333269014
-111.03652162405432
-111.0001756340728
-110.9633854591531
-110.92615119760808
-110.88847294965764
-110.85035081742977
-110.81178490496217
-110.7727753182033
-110.73332216501404
-110.6934255551686
-110.6530856003561
-110.6123024141818
-110.57107611216827
-110.5294068117567
-110.48729463230823
-110.44473969510496
-110.40174212335138
-110.35830204217548
-110.31441957862998
-110.27009486169338
-110.22532802227134
-110.18011919319758
-110.1344685092353
-110.08837610707798
-110.04184212535074
-109.99486670461138
-109.94744998735138
-109.89959211799699
-109.85129324291042
-109.80255351039065
-109.75337307067471
-109.70375207593843
-109.65369068029763
-109.60318903980908
-109.55224731247138
-109.50086565822596
-109.44904423895808
-109.39678321849766
-109.34408276262026
-109.29094303904789
-109.23736421745005
-109.18334646944444
-109.12888996859795
-109.07399489042726
-109.01866141240002
-108.9628897139353
-108.9066799764047
-108.85003238313287
-108.7929471193984
-108.73542437243454
-108.67746433142999
-108.61906718752944
-108.56023313383457
-108.5009623654044
-108.44125507925622
-108.3811114743661
-108.32053175166958
-108.2595161140623
-108.19806476640059
-108.13617791550206
-108.0738557701462
-108.01109854107487
-107.94790644099295
-107.8842796845688
-107.82021848843476
-107.75572307118767
-107.69079365338938
-107.62543045756709
-107.55963370821402
-107.49340363178955
-107.42674045671993
-107.3596444133984
-107.29211573418581
-107.22415465341076
-107.15576140737022
-107.08693623432953
-107.017679374523
-106.94799107015395
-106.87787156539534
-106.80732110638958
-106.7363399412492
-106.6649283200567
-106.59308649486519
-106.5208147196981
-106.44811325054975
-106.37498234538523
-106.30142226414087
-106.22743326872391
-106.15301562301302
-106.07816959285812
-106.00289544608064
-105.92719345247343
-105.85106388380086
-105.77450701379883
-105.6975231181748
-105.62011247460764
-105.54227536274783
-105.46401206421714
-105.38532286260883
-105.30620804348722
-105.22666789438799
-105.14670270481767
-105.06631276625379
-104.98549837214448
-104.9042598179086
-104.8225974009351
-104.74051142058325
-104.65800217818204
-104.57506997703018
-104.49171512239582
-104.40793792151597
-104.32373868359656
-104.23911771981186
-104.15407534330427
-104.0686118691839
-103.98272761452816
-103.89642289838136
-103.80969804175443
-103.72255336762422
-103.63498920093335
-103.5470058685894
-103.45860369946466
-103.36978302439553
-103.28054417618208
-103.19088748958718
-103.10081330133637
-103.01032195011689
-102.91941377657741
-102.82808912332702
-102.73634833493493
-102.64419175792952
-102.55161974079789
-102.45863263398498
-102.36523078989293
-102.27141456288032
-102.1771843092614
-102.08254038730527
-101.98748315723512
-101.89201298122735
-101.79613022341093
-101.69983524986614
-101.60312842862413
-101.50601012966568
-101.40848072492054
-101.31054058826619
-101.21219009552723
-101.1134296244741
-101.0142595548223
-100.91468026823112
-100.814692148303
-100.71429558058188
-100.61349095255288
-100.51227865364042
-100.41065907520778
-100.30862991871761
-100.20619370860389
-100.10335140178873
-100.0001033975017
-99.89645009690528
-99.79239190309352
-99.68792922109066
-99.58306245785013
-99.4777920222529
-99.37211832510658
-99.26604177914363
-99.15956279902042
-99.05268180131536
-98.94539920452816
-98.83771542907763
-98.72963089730104
-98.62114603345191
-98.51226126369914
-98.40297701612502
-98.29329372072421
-98.18321180940164
-98.07273171597151
-97.96185387615523
-97.85057872758014
-97.73890670977764
-97.62683826418188
-97.51437383412778
-97.40151386484953
-97.28825880347866
-97.17460909904275
-97.06056520246324
-96.94612756655395
-96.83129664601911
-96.71607289745185
-96.6004567793319
-96.48444875202432
-96.36804927777712
-96.25125882071978
-96.134077846861
-96.01650682408719
-95.89854622216004
-95.78019651271507
-95.66145816925913
-95.54233166716898
-95.42281748368855
-95.3029160979277
-95.18262799085943
-95.06195364531843
-94.94089354599838
-94.81944817945039
-94.69761803408032
-94.57540360014724
-94.45280536976051
-94.32982383687833
-94.20645949730489
-94.08271284868863
-93.95858439051952
-93.83407462412727
-93.7091840526785
-93.58391318117494
-93.45826251645066
-93.33223256717008
-93.2058238438252
-93.07903685873362
-92.95187212603565
-92.82433016169244
-92.69641148348299
-92.56811661100207
-92.43944606565738
-92.3104003706674
-92.18098005105843
-92.05118563366254
-91.9210176471145
-91.79047662184954
-91.65956309010053
-91.5282775858956
-91.39662064505504
-91.26459280518912
-91.13219460569509
-90.99942658775464
-90.8662892943309
-90.73278327016625
-90.59890906177877
-90.4646672174602
-90.33005828727259
-90.1950828230459
-90.05974137837468
-89.92403450861572
-89.78796277088479
-89.65152672405405
-89.51472692874863
-89.37756394734433
-89.24003834396419
-89.10215068447573
-88.96390153648785
-88.82529146934797
-88.68632105413872
-88.54699086367526
-88.40730147250177
-88.26725345688894
-88.12684739483018
-87.9860838660391
-87.84496345194596
-87.70348673569474
-87.56165430213983
-87.41946673784295
-87.27692463106979
-87.13402857178684
-86.99077915165817
-86.84717468185804
-86.70321690743525
-86.55890756629422
-86.41424725696955
-86.2692365796771
-86.12387613630948
-85.97816653043353
-85.83210836728644
-85.68570225377258
-85.53894879845981
-85.39184861157636
-85.24440230500704
-85.09661049229001
-84.94847378861304
-84.79999281081028
-84.6511681773583
-84.50200050837286
-84.35249042560547
-84.20263855243918
-84.05244551388586
-83.90191193658157
-83.75103844878379
-83.59982568036727
-83.44827426282055
-83.29638482924199
-83.14415801433668
-82.99159445441184
-82.83869478737388
-82.68545965272403
-82.53188969155525
-82.37798554654748
-82.22374786196488
-82.06917728365109
-81.91427445902612
-81.75904003708189
-81.60347466837891
-81.44757900504189
-81.29135370075618
-81.13479941076362
-80.97791679185897
-80.82070650238535
-80.66316920223095
-80.50530555282435
-80.34711621713133
-80.18860185965
-80.02976314640749
-79.87060074495537
-79.71111532436605
-79.5513075552282
-79.39117810964319
-79.2307276612205
-79.06995688507403
-78.90886645781751
-78.74745705756092
-78.58572936390563
-78.42368405794092
-78.26132182223921
-78.09864334085228
-77.93564929930673
-77.77234038460006
-77.6087172851959
-77.44478069102048
-77.28053129345764
-77.11596978534506
-76.9510968609695
-76.78591321606298
-76.62041954779797
-76.45461655478337
-76.28850493705995
-76.12208539609621
-75.95535863478352
-75.7883253574324
-75.62098626976734
-75.4533420789232
-75.28539349343988
-75.11714122325876
-74.94858597971734
-74.77972847554553
-74.61056942486069
-74.44110954316331
-74.27134954733233
-74.101290155621
-73.93093208765163
-73.76027606441181
-73.58932280824932
-73.41807304286783
-73.24652749332203
-73.0746868860135
-72.90255194868524
-72.73012341041819
-72.55740200162558
-72.38438845404882
-72.21108350075265
-72.03748787612065
-71.86360231585013
-71.68942755694805
-71.51496433772562
-71.34021339779436
-71.16517547806042
-70.989851320721
-70.81423892839108
-70.63834178445535
-70.46216065386135
-70.28569628398026
-70.1089494234489
-69.93192082216524
-69.75461123128335
-69.57702140320873
-69.39915209159331
-69.22100405133094
-69.04257803855202
-68.86387481061917
-68.6848951261218
-68.50563974487184
-68.32610942789816
-68.14630493744241
-67.96622703695347
-67.78587649108279
-67.60525406567947
-67.42436052778547
-67.24319664563004
-67.06176318862563
-66.88006092736225
-66.69809063360293
-66.5158530802782
-66.3333490414819
-66.15057929246512
-65.96754460963234
-65.78424577053539
-65.60068355386935
-65.41685873946656
-65.23277210829247
-65.04842444243982
-64.86381652512429
-64.67894914067872
-64.49382307454879
-64.30843911328724
-64.12279804454938
-63.93690065708738
-63.750747740745794
-63.56434008645593
-63.37767848623121
-63.19076373316149
-63.003596621408555
-62.8161779462004
-62.62850850382664
-62.4405890916327
-62.252420508015426
-62.06400355241724
-61.87533902532156
-61.686427728246976
-61.49727046374276
-61.30786803538311
-61.11822124776252
-60.928330906489855
-60.738197818183906
-60.54782279046766
-60.35720663196338
-60.16635015228713
-59.975254162043946
-59.78391947282206
-59.59234689718833
-59.40053724868227
-59.20849134181158
-59.0162099920461
-58.82369401581337
-58.63094423049266
-58.43796145441023
-58.244746506833735
-58.05130020796727
-57.85762337894565
-57.6637168418297
-57.46958141960043
-57.27521793615424
-57.08062721629718
-56.88581008574012
-56.69076737109289
-56.49549989985976
-56.30000850043335
-56.104294002089844
-55.9083572349834
-55.71219903014115
-55.51582021945752
-55.31922163568926
-55.1224041124498
-54.92536848420439
-54.72811558626417
-54.53064625478132
-54.33296132674379
-54.13506163996934
-53.93694803310112
-53.738621345601516
-53.5400824177475
-53.34133209062454
-53.14237120612219
-52.94320060692795
-52.74382113652237
-52.54423363917343
-52.34443895993169
-52.1444379446241
-51.94423143984976
-51.74382029297351
-51.54320535212152
-51.342387466175005
-51.14136748476576
-50.94014625827025
-50.73872463780464
-50.53710347521898
-50.335283623092394
-50.13326544615246
-49.93104922749818
-49.72863689937895
-49.52602931721678
-49.323227337134405
-49.12023181595113
-48.91704361117647
-48.713663581005754
-48.510092584313725
-48.30633148065035
-48.10238113023436
-47.89824239394899
-47.69391613333569
-47.489403210589515
-47.28470448855321
-47.07982083071243
-46.87475310118988
-46.669502164740635
-46.46406888674588
-46.25845413320858
-46.05265877074749
-45.84668366659216
-45.6405296885773
-45.434197705138004
-45.2276885853038
-45.021003198693805
-44.81414241551111
-44.60710710653773
-44.39989814312909
-44.192516397209
-43.98496274126383
-43.777238048337885
-43.56934319202756
-43.36127904647646
-43.15304648636959
-42.94464638692891
-42.73607962390706
-42.52734707358294
-42.318449612755686
-42.10938811874014
-41.90016346936102
-41.690776542948065
-41.4812282183302
-41.27151937483113
-41.061650892263174
-40.85162365092284
-40.64143853158489
-40.43109641549773
-40.220598184377465
-40.00994472040357
-39.79913690621269
-39.588175624894255
-39.37706175998462
-39.16579619546241
-38.95437981574274
-38.742813505672686
-38.53109815052541
-38.319234635995514
-38.107223848193385
-37.895066673640585
-37.68276399926392
-37.47031671239122
-37.257725700745176
-37.04499185243904
-36.83211605597079
-36.61909920021862
-36.40594217443508
-36.192645868242806
-35.979211171628364
-35.76563897493826
-35.55193016887278
-35.33808564448177
-35.1241062931587
-34.90999300663636
-34.695746676981074
-34.48136819658821
-34.26685845817651
-34.05221835478376
-33.83744877976086
-33.622550626767655
-33.40752478976703
-33.192372163020636
-32.97709364108319
-32.76169011879803
-32.546162491291525
-32.3305116539688
-32.114738502507734
-31.898843932855037
-31.682828841220314
-31.46669412407188
-31.25044067813101
-31.034069400367812
-30.817581187995373
-30.600976938465685
-30.38425754946392
-30.167423918904134
-29.950476944923654
-29.73341752587907
-29.516246560340377
-29.298964947086848
-29.08157358510137
-28.86407337356646
-28.64646521185845
-28.428749999543488
-28.210928636371825
-27.99300202227381
-27.774971057354342
-27.5568366418885
-27.338599676316285
-27.120261061238473
-26.901821697410963
-26.68328248574071
-26.46464432728036
-26.24590812322409
-26.027074774902047
-25.808145183776382
-25.58912025143583
-25.37000087959167
-25.15078797007206
-24.931482424818363
-24.712085145879406
-24.492597035407773
-24.273018995654123
-24.053351928963455
-23.83359673776958
-23.61375432459101
-23.393825592026023
-23.173811442748352
-22.95371277950194
-22.733530505097143
-22.513265522405067
-22.292918734354213
-22.072491043924657
-21.851983354144295
-21.631396568083865
-21.410731588852705
-21.189989319593565
-20.969170663479076
-20.74827652370609
-20.52730780349214
-20.306265406069937
-20.08515023468402
-19.863963192585086
-19.642705183026564
-19.421377109259147
-19.199979874527358
-18.97851438206412
-18.75698153508703
-18.53538223679353
-18.313717390356608
-18.091987898920635
-17.870194665596465
-17.648338593457563
-17.426420585535134
-17.20444154481432
-16.98240237422915
-16.760303976659113
-16.538147254923885
-16.31593311177979
-16.09366244991465
-15.871336171944524
-15.648955180408613
-15.4265203777653
-15.204032666387711
-14.98149294855994
-14.758902126472115
-14.53626110221683
-14.313570777784355
-14.090832055058929
-13.86804583581424
-13.645213021709374
-13.422334514284591
-13.19941121495739
-12.976444025017841
-12.75343384562521
-12.53038157780288
-12.307288122435416
-12.084154380263273
-11.860981251879766
-11.63776963772587
-11.414520438087614
-11.191234553090336
-10.967912882696368
-10.74455632669941
-10.521165784721763
-10.297742156209553
-10.074286340429369
-9.850799236463478
-9.62728174320675
-9.403734759361921
-9.180159183436443
-8.956555913737558
-8.732925848369469
-8.509269885228619
-8.285588922000313
-8.061883856154306
-7.838155584941722
-7.614405005390191
-7.390633014301179
-7.166840508244845
-6.943028383557486
-6.719197536336716
-6.495348862438643
-6.271483257472861
-6.047601616800138
-5.823704835527341
-5.599793808504644
-5.375869430321061
-5.151932595301397
-4.927984197501979
-4.704025130707634
-4.480056288426953
-4.256078563889973
-4.032092850043177
-3.80810003954708
-3.5841010247714618
-3.3600966977927724
-3.1360879503896806
-2.9120756740402074
-2.688060759917485
-2.464044098886722
-2.240026581501378
-2.016009097999749
-1.7919925383011641
-1.5679777920029916
-1.3439657483764569
-1.1199572963638693
-0.8959533245745603
-0.6719547212819328
-0.447962374419318
-0.22397717157734645
-2.7554552980815446e-14
